Ind. max size:   7
Init. pop. size: 50
Max. pop. size:  350
Tournament size: 2
Max. num. gen.:  300
Crossover rate:  0.95
Mutation rate:   0.05
Min Fitness:  	 Mean Fitness: 	 Max Fitness:  
0    0.20316    6507.08     295587
1    0.16981     6122.3     293923
2   0.149598    6281.14     329988
3   0.124017    99077.8 5.34744e+06
4   0.111233    97636.9 5.36627e+06
5    0.10179    95855.4 5.35987e+06
6    0.09376    21321.6 1.19584e+06
7  0.0919497 1.11511e+06 6.46638e+07
8  0.0903941 1.09334e+06 6.45018e+07
9  0.0895216 1.17022e+06 7.02027e+07
10  0.0887162 1.15158e+06 7.02356e+07
11  0.0885792 1.13141e+06 7.01301e+07
12  0.0885792 1.06531e+06 6.71083e+07
13  0.0874154    44248.7 2.82962e+06
14   0.087158      45002 2.92059e+06
15  0.0865914    43698.8 2.8809e+06
16  0.0863863    42633.3 2.85456e+06
17  0.0861907     291608 1.98276e+07
18   0.086083     295290 2.03729e+07
19  0.0857582     294382 2.06029e+07
20  0.0857582    26302.3 1.8637e+06
21  0.0854591 1.85365e+06 1.3345e+08
22  0.0846274 8.15315e+06 5.95167e+08
23  0.0843047 2.51151e+08 1.85851e+10
24  0.0837863 2.84296e+06 2.13216e+08
25  0.0836007 2.1686e+06 1.64795e+08
26  0.0835821     396076 3.04907e+07
27  0.0834976 4.75573e+06 3.70918e+08
28  0.0828849 4.2606e+06 3.3656e+08
29  0.0827238 7.92845e+06 3.34552e+08
30  0.0818339 5.46115e+06 3.34494e+08
31  0.0811422 6.13746e+06 3.34779e+08
32  0.0809548 7.24406e+06 5.85425e+08
33  0.0801685  6.987e+06 5.86591e+08
34  0.0801139      50886 3.79015e+06
35  0.0801107    43727.5 3.4684e+06
36  0.0800388     232169 2.01909e+07
37  0.0793405     244933 2.15469e+07
38  0.0792496 2.91544e+07 2.59465e+09
39  0.0791427     216393 1.94162e+07
40   0.078988     175284 1.58913e+07
41  0.0789759     400008 3.67503e+07
42  0.0788119     556661 5.1767e+07
43  0.0784902     445743 4.18935e+07
44  0.0784902     328076 3.11539e+07
45  0.0779935     341123 3.27373e+07
46   0.077754     615201 5.96711e+07
47  0.0775982 1.4017e+08 1.37366e+10
48  0.0773198 1.38515e+08 1.3713e+10
49  0.0772654     165067 1.65035e+07
50  0.0772654     135722 1.36873e+07
51  0.0765283    28339.2 2.86257e+06
52  0.0760105    28421.4 2.88288e+06
53  0.0757852     348880 3.62739e+07
54  0.0748219     368106 3.86154e+07
55  0.0747648     428013 4.53314e+07
56  0.0742877 1.76708e+07 1.89066e+09
57  0.0736066 1.79742e+07 1.93142e+09
58  0.0735789 2.27563e+07 2.46076e+09
59  0.0732953 2.26399e+07 2.45616e+09
60  0.0730099 3.19479e+07 3.51005e+09
61  0.0725783 3.14023e+07 3.51692e+09
62  0.0720682 3.11164e+07 3.51593e+09
63  0.0718011 3.08004e+07 3.51103e+09
64  0.0718011 3.03393e+07 3.48892e+09
65  0.0717019 3.01654e+07 3.4989e+09
66  0.0716405 2.95931e+07 3.46228e+09
67  0.0709667 3.22707e+07 3.8079e+09
68  0.0705566 2.45465e+07  2.921e+09
69  0.0696211 2.44763e+07 2.93712e+09
70  0.0692078     435296 5.26285e+07
71  0.0692071     426617 5.18787e+07
72  0.0690337     295429 3.63316e+07
73  0.0682818     132202 1.63844e+07
74  0.0679035 1.41562e+06 1.76948e+08
75  0.0671093 1.55902e+06 1.96425e+08
76  0.0663136 1.07574e+07 1.36618e+09
77  0.0663117 1.64133e+07 2.08996e+09
78  0.0661525 1.51136e+07 1.94963e+09
79  0.0655429 1.02536e+07 1.33295e+09
80  0.0655429 1.04246e+07 1.33306e+09
81   0.065415 1.01142e+07 1.33507e+09
82  0.0652927 5.71578e+08 7.60198e+10
83  0.0647566 2.87849e+07 3.85716e+09
84  0.0637283 2.85446e+07 3.8535e+09
85  0.0635098 2.81939e+07 3.83436e+09
86  0.0635098 3.69295e+08 5.05933e+10
87    0.06222 3.08366e+08 4.25545e+10
88    0.06222 3.05907e+08 4.25209e+10
89  0.0619152 3.03721e+08 4.25209e+10
90  0.0614848 6.35404e+07 8.95727e+09
91  0.0614433 2.58798e+07 3.67488e+09
92  0.0613771 2.32919e+07 3.33071e+09
93  0.0613771 2.31318e+07 3.33096e+09
94  0.0606316 2.55162e+07 3.69983e+09
95  0.0600927 2.56981e+07 3.74989e+09
96  0.0595394 1.61035e+06 2.00889e+08
97   0.059112 1.61342e+06 2.02934e+08
98   0.059112 1.60234e+06 2.02916e+08
99  0.0591046 1.75319e+06 2.27146e+08
100  0.0591046 1.27509e+07 1.92533e+09
101  0.0586914     469659 7.13621e+07
102  0.0585892     454145 6.91553e+07
103   0.058345     451488 6.95024e+07
104  0.0575088     324659 5.02347e+07
105  0.0574247     338705 5.26421e+07
106  0.0569638     340377 5.34044e+07
107  0.0566974     343564 5.41356e+07
108  0.0566404     107804 1.68616e+07
109  0.0560097 1.26044e+08 2.01654e+10
110  0.0556909 6.82081e+06 1.08106e+09
111  0.0556495 6.5894e+06 1.06654e+09
112  0.0556495 6.4974e+06 1.05868e+09
113  0.0555248     724369 1.13724e+08
114   0.055511 1.17283e+06 1.8846e+08
115  0.0553934 1.16906e+06 1.86985e+08
116  0.0551265     784664 1.23621e+08
117  0.0550657     750710 1.23267e+08
118  0.0550657     551646 9.27288e+07
119  0.0545688 2.29843e+06 3.90464e+08
120  0.0527844 9.88215e+06 1.68946e+09
121  0.0525839 3.09336e+06 5.31748e+08
122  0.0525839 1.11664e+08 1.93178e+10
123  0.0525839 1.11051e+08 1.93225e+10
124  0.0521888 1.83935e+09 3.21886e+11
125  0.0521816 1.82959e+09 3.22007e+11
126  0.0521232 1.16668e+06 2.05223e+08
127  0.0511688 6.07491e+12 1.08133e+15
128  0.0511688 6.04097e+12 1.08133e+15
129  0.0510725 6.00741e+12 1.08133e+15
130   0.051062 5.97468e+12 1.08133e+15
131  0.0510053 5.94139e+12 1.08133e+15
132  0.0508559 5.90893e+12 1.08133e+15
133  0.0504887 5.87681e+12 1.08133e+15
134  0.0503126 2.00864e+08 3.71597e+10
135  0.0503126 2.16042e+08 4.01838e+10
136  0.0502745 1.98716e+08 3.71599e+10
137  0.0502745 1.97708e+08 3.7169e+10
138  0.0502602 5.34069e+07 1.00938e+10
139  0.0502602 3.10635e+06 5.90035e+08
140  0.0502602 2.29427e+09 4.38206e+11
141  0.0500197 2.27963e+09 4.37689e+11
142  0.0500197 2.27714e+09 4.39488e+11
143  0.0499754 2.26909e+09 4.40204e+11
144  0.0499117 2.29672e+09 4.4786e+11
145  0.0497221 2.28415e+09 4.47692e+11
146  0.0494719 2.23267e+09 4.39834e+11
147  0.0494719 2.22141e+09 4.39839e+11
148  0.0489278 2.20944e+09 4.39679e+11
149  0.0489059 1.23438e+09 2.46875e+11
150  0.0489059 1.22783e+09 2.46793e+11
151  0.0488826  9.006e+10 1.81921e+13
152  0.0486032 8.94256e+10 1.81534e+13
153  0.0483411 8.91887e+10 1.81945e+13
154  0.0483411 8.01247e+10 1.64256e+13
155  0.0483411 8.04102e+10 1.65645e+13
156  0.0481771 1.20245e+11 2.48906e+13
157  0.0481622 2.43903e+09 5.07319e+11
158  0.0481622 2.65638e+09 5.55152e+11
159  0.0481189 2.64479e+09 5.55133e+11
160  0.0481132 2.69486e+07 5.41802e+09
161  0.0481132 1.54111e+07 3.00314e+09
162  0.0481132 7.8197e+06 1.39557e+09
163  0.0479763 7.68348e+06 1.43751e+09
164  0.0478086 3.94403e+07 8.32129e+09
165  0.0478086 8.63582e+07 1.8653e+10
166  0.0478086 7.01995e+07 1.5233e+10
167  0.0478086 6.98533e+07 1.52271e+10
168  0.0476872 1.00644e+08 1.98628e+10
169  0.0476872 7.04509e+07  1.526e+10
170  0.0476872 5.76038e+07 1.26862e+10
171  0.0468983 5.55986e+07 1.22124e+10
172  0.0467232 2.06198e+07 4.59172e+09
173  0.0467232 1.65352e+07 3.70374e+09
174  0.0465316 1.25938e+07 2.83338e+09
175  0.0465316 1.25715e+07 2.84082e+09
176  0.0465316 1.3057e+07 2.96334e+09
177  0.0465115 1.26129e+07 2.87557e+09
178  0.0465115 1.25309e+07 2.86935e+09
179  0.0465115 5.5673e+07 1.28046e+10
180  0.0465115 5.60383e+07 1.29425e+10
181  0.0464411 5.65624e+07 1.31082e+10
182  0.0464411 5.67677e+07 1.32113e+10
183  0.0464411 5.51442e+07 1.28818e+10
184  0.0462744 5.9362e+07 1.39477e+10
185  0.0449959 7.55016e+07 1.7808e+10
186  0.0449559 7.14688e+07 1.69377e+10
187  0.0449461 7.13595e+07 1.69832e+10
188  0.0449461     666635 1.4936e+08
189  0.0449461  1.367e+12 3.28081e+14
190  0.0445059 1.36133e+12 3.28081e+14
191  0.0445059 1.35571e+12 3.28081e+14
192  0.0444958 8.91299e+07 2.16571e+10
193  0.0444553 8.87701e+07 2.16591e+10
194  0.0444553 8.87697e+07 2.17484e+10
195  0.0441381 8.85887e+07 2.1748e+10
196  0.0440711 9.21303e+07 2.2751e+10
197  0.0436179 4.60484e+07 1.14113e+10
198  0.0434585 4.55991e+07 1.1342e+10
199  0.0433812 8.33199e+06 2.07107e+09
200  0.0433812 8.41175e+06 2.10732e+09
201  0.0433812 2.80568e+08 7.06983e+10
202  0.0433548 5.66777e+07 1.43349e+10
203  0.0432761 4.84958e+07 1.23172e+10
204  0.0431701 6.69939e+12 1.70834e+15
205  0.0429896 6.67322e+12 1.70834e+15
206  0.0429896 6.64737e+12 1.70837e+15
207   0.042989 4.77996e+06 1.09258e+09
208   0.042989 3.32308e+06 8.6006e+08
209   0.042989 6.84739e+06 1.76954e+09
210   0.042989 7.88445e+06 2.05438e+09
211  0.0429742 5.61749e+06 1.47124e+09
212  0.0429742 5.59035e+06 1.47006e+09
213  0.0429742 6.38422e+06 1.68517e+09
214  0.0428052 6.29241e+06 1.66737e+09
215  0.0422017 1.21236e+08 3.22482e+10
216  0.0421948 1.17329e+08 3.1321e+10
217  0.0421587 1.16104e+08 3.11104e+10
218  0.0421299 1.15716e+08  3.112e+10
219  0.0420035 1.69342e+09 4.57215e+11
220  0.0420035 1.23817e+09 3.35542e+11
221  0.0420035 4.45361e+08 1.21136e+11
222  0.0420035 3.31363e+08 9.04619e+10
223  0.0420035 3.26758e+08 8.95316e+10
224  0.0420035 3.27461e+08 9.00507e+10
225  0.0420035 2.80706e+10 7.7475e+12
226  0.0420035 2.79698e+10 7.74762e+12
227  0.0420035 1.07921e+10 3.00019e+12
228  0.0420035  1.066e+10 2.97413e+12
229  0.0420035 1.06231e+10 2.97445e+12
230   0.041565 1.40366e+10 3.94427e+12
231   0.041565 1.39869e+10 3.94429e+12
232   0.041565 5.1708e+08 1.46333e+11
233   0.041565 5.15187e+08 1.46313e+11
234   0.041565 4.0682e+08 1.15942e+11
235   0.041565 4.12304e+08 1.17771e+11
236  0.0415111 4.16966e+08 1.19635e+11
237  0.0415111 5.6269e+08 1.62021e+11
238  0.0415111 4.05119e+08 1.17067e+11
239  0.0415111 3.99834e+08 1.15948e+11
240  0.0415111 2.17051e+09 6.31616e+11
241  0.0415104 8.25337e+11 2.40998e+14
242  0.0415104 8.22747e+11 2.41065e+14
243  0.0411067 3.47577e+11 1.02188e+14
244  0.0411022 3.46386e+11 1.02184e+14
245  0.0411022 1.2627e+11 3.73759e+13
246  0.0411022 1.12595e+11 3.34406e+13
247  0.0399202  1.121e+11 3.34057e+13
248  0.0395806 7.43002e+09 2.22158e+12
249  0.0395009 7.40795e+09 2.22238e+12
250  0.0394451 7.80022e+09 2.34786e+12
251  0.0394067 7.54053e+09 2.27724e+12
252  0.0392888 7.30474e+09 2.21327e+12
253  0.0391283 7.28066e+09 2.21325e+12
254  0.0391283 8.79236e+09 2.68166e+12
255  0.0391283 8.76094e+09 2.68085e+12
256  0.0391264 7.21221e+09 2.21415e+12
257  0.0391264 2.07042e+11 6.37689e+13
258  0.0391264 1.99265e+11 6.1573e+13
259  0.0389819 6.76085e+11 2.09586e+14
260  0.0384985 4.82012e+07 1.49898e+10
261   0.038463 1.24828e+08 3.89456e+10
262  0.0383869 1.32103e+08 4.1348e+10
263  0.0383869 7.24206e+08  2.274e+11
264  0.0383869 1.2094e+08 3.8095e+10
265  0.0383869 8.69892e+07 2.74864e+10
266  0.0383869 8.15335e+07 2.58438e+10
267  0.0381779 3.71378e+07 1.18088e+10
268  0.0381779 3.6971e+07 1.17928e+10
269  0.0381779 1.77477e+07 5.66721e+09
270  0.0381779 1.97404e+07 6.33241e+09
271  0.0381779 3.97304e+07 1.27922e+10
272  0.0381779 3.52037e+07 1.13696e+10
273  0.0381779 4.11284e+07 1.33235e+10
274  0.0381779 4.18486e+07 1.35991e+10
275  0.0381499 8.64939e+07 2.81912e+10
276  0.0381497 1.13644e+09 3.71611e+11
277  0.0381497 1.11796e+09 3.66685e+11
278  0.0381497 1.11352e+09 3.66346e+11
279  0.0381497 4.60149e+10 1.51849e+13
280  0.0381318 4.52992e+10 1.4994e+13
281  0.0381318 4.50232e+10 1.49477e+13
282  0.0381318 1.25216e+10 4.16969e+12
283  0.0381318 4.34681e+10 1.45183e+13
284  0.0381185 1.15684e+10 3.87541e+12
285  0.0381185 1.15205e+10 3.87089e+12
286  0.0381185 1.14764e+10 3.86751e+12
287  0.0381014 1.14442e+10 3.86813e+12
288  0.0381014 4.88119e+08 1.6543e+11
289  0.0378485 4.84584e+08 1.64756e+11
290  0.0378485 4.91065e+08 1.67448e+11
291  0.0377166 2.14063e+10 7.32095e+12
292  0.0377166 2.13518e+10 7.32366e+12
293  0.0377149 2.14019e+10 7.36226e+12
294  0.0376014 2.12982e+10 7.34788e+12
295  0.0376014 6.03803e+08 2.08909e+11
296  0.0376014 4.89329e+08 1.69794e+11
297  0.0372672 4.50372e+08 1.56725e+11
298  0.0366585 5.51028e+08 1.92284e+11
299  0.0366585 5.49313e+08 1.92231e+11
