./tp1 datasets/house-train.csv datasets/house-test.csv
Ind. max size:   3
Init. pop. size: 10
Max. pop. size:  15
Tournament size: 2
Max. num. gen.:  300
Crossover rate:  0.6
Mutation rate:   0.4
Min Fitness:  	 Mean Fitness: 	 Max Fitness:  
0     647638     730842 1.51017e+06
1     640239     723909 1.5227e+06
2     637820 1.09242e+06 6.39368e+06
3     632937     862612 3.61984e+06
4     629563     649707     664195
5     629098     648947     659787
6     625745     647903     655510
7     621941     646713     654662
8     617708     646244     654586
9     614560     645174     654654
10     608767     645331     678034
11     603674     642053     654983
12     594066     639211     656021
13     583790     659693     957355
14     568562     641325     762790
15     560182     689575 1.50039e+06
16     555008     982362 5.60071e+06
17     553728 1.74734e+06 1.61711e+07
18     538593     630507     713744
19     537963 1.05405e+06 6.6654e+06
20     521215     779321 2.7931e+06
21     511851     626025     718399
22     501733     619245     698823
23     500032     640299 1.01359e+06
24     489707     625233     861774
25     485667     614392     730656
26     478235     696946 1.85643e+06
27     471400     608521     661746
28     468747     616692     811974
29     467347     609287     684044
30     467069     613757     725076
31     466301 1.30239e+06 1.03924e+07
32     463947     807691 3.46435e+06
33     460589     607248     691992
34     455417     746201 2.63951e+06
35     454085     601073     687806
36     449387     600957     667919
37     448919     604808     684327
38     448919     599804     656556
39     448757     597312     669118
40     448011     997514 6.29134e+06
41     441028     614305     927959
42     440544     677713 1.7695e+06
43     440449     599424     661880
44     436205     605134     742653
45     430586     596297     704563
46     430533     598386     744512
47     429592     919684 3.04382e+06
48     428853 1.40483e+06 1.1932e+07
49     428838 1.76276e+06 1.70012e+07
50     427953     832091 3.97445e+06
51     427289     720395 2.44597e+06
52     427157     764124 3.04141e+06
53     426838     905675 2.72499e+06
54     417483     805533 2.3069e+06
55     416024     750203 2.51833e+06
56     415577 1.39078e+06 9.20541e+06
57     414775 1.23152e+06 9.19703e+06
58     412640 1.15193e+06 8.25263e+06
59     412640     639078 1.09556e+06
60     411488 1.32651e+06 1.05609e+07
61     405356 1.05161e+06 6.81181e+06
62     405355     610711     980985
63     405156     607682     970511
64     404808     649346 1.62761e+06
65     404524     637440 1.42084e+06
66     403710     578493     716383
67     399218     670739 1.87681e+06
68     397457 6.29657e+07 8.73936e+08
69     396304     590639     805952
70     390364     958450 6.06164e+06
71     389501 1.82701e+06 1.81651e+07
72     387647     592127     837155
73     386405     651904 1.39363e+06
74     381579 2.56676e+06 2.85768e+07
75     380586 1.94034e+06 1.9845e+07
76     378213     575042     777271
77     377909     706534 2.52407e+06
78     377908 1.3198e+06 1.10594e+07
79     377003     673253 1.95431e+06
80     375437 6.22064e+07 8.63407e+08
81     375437     746374 3.03564e+06
82     375195     635085 1.56807e+06
83     368310     615871 1.34915e+06
84     366591     802982 3.98143e+06
85     364880     951847 6.01607e+06
86     364408     753410 3.21422e+06
87     363625     658744 1.7062e+06
88     363620 1.47469e+08 2.05717e+09
89     357267     817295 4.16538e+06
90     356297 2.58777e+06 2.89465e+07
91     355080 1.46831e+07 1.98209e+08
92     354634     693466 2.36688e+06
93     345267     609555 1.16807e+06
94     343682     607175 1.18443e+06
95     343612     579379     843116
96     343261     567699     700023
97     343133     625316 1.47319e+06
98     340336 6.21834e+07 8.63359e+08
99     340006 1.84255e+06 1.8616e+07
100     338872     574786     932050
101     338769     559975     693541
102     338363     628360 1.70987e+06
103     333466     724638 2.6661e+06
104     332617     562468     693249
105     331870     570128     814945
106     331856 8.94293e+06 1.17815e+08
107     329295 1.11237e+06 8.25514e+06
108     329292 2.66723e+07 3.58702e+08
109     328680 2.84995e+07 3.60648e+08
110     327988 2.59828e+06 2.58645e+07
111     327987 1.90827e+06 1.62671e+07
112     326924 1.9831e+06 1.72529e+07
113     326924     649369 1.91798e+06
114     326889 1.06602e+06 7.65633e+06
115     326299     662970 2.11505e+06
116     326299     568282     680240
117     326298 1.51497e+06 1.05049e+07
118     325646     803930 4.08813e+06
119     325322     621986 1.64082e+06
120     325060     576147     948350
121     325014     549797     720803
122     325007     547954     702228
123     324742     669462 2.32121e+06
124     324624     581204 1.06896e+06
125     324483     556983     772041
126     324483     819883 4.49072e+06
127     323473     563808     812252
128     323404     588102 1.21948e+06
129     323110     610650 1.44769e+06
130     323059     635229 1.74199e+06
131     322598     554986     744305
132     321633     626999 1.70631e+06
133     321359     596438 1.30423e+06
134     321322 2.29102e+06 2.50177e+07
135     321305 1.10941e+06 8.4341e+06
136     321179 1.10391e+06 8.36586e+06
137     320874     563285     838017
138     320588     566477     845541
139     320588     754561 3.44716e+06
140     319692     580691 1.0728e+06
141     319040     631085 1.82152e+06
142     318872     594878 1.44593e+06
143     318789     593740 1.12687e+06
144     317429     555530     806554
145     317245     557286     769166
146     316378     545496     720276
147     316301     873103 5.23528e+06
148     316216     655871 2.27188e+06
149     316136     568667 1.02557e+06
150     316081 3.73762e+06 4.53771e+07
151     315991     549246     805498
152     315607     664443 2.38915e+06
153     315485     627649 1.84602e+06
154     315120     604121 1.64672e+06
155     314531 4.39451e+08 4.34642e+09
156     314163 7.54798e+08 1.05601e+10
157     312681     620086 1.69466e+06
158     312456     616600 1.65887e+06
159     312445     609595 1.6415e+06
160     312375     558236     873759
161     312338     546237     721982
162     312000     540688     695733
163     311348     752300 3.59996e+06
164     310880     556963     821442
165     310792     550684     805956
166     310585     540624     703480
167     310281     569238     913175
168     309211     545458     853686
169     309113     591296 1.50798e+06
170     308789     595429 1.56024e+06
171     308621     581928 1.43478e+06
172     308596     715767 3.25271e+06
173     308503     535871     698927
174     306988     540549     657020
175     306977     544791     743597
176     306921     804244 4.30639e+06
177     306921     787174 4.16013e+06
178     306920     552917     876886
179     306818     534326     750122
180     306816     524845     662308
181     305962     535328     721103
182     305962     555179 1.01443e+06
183     305822     581298 1.36852e+06
184     305711 2.63276e+06 2.98233e+07
185     305692     570058 1.11508e+06
186     305626     540713     755744
187     305141 1.57071e+06 1.50163e+07
188     303890 1.15618e+06 8.63245e+06
189     303890 4.96796e+06 6.27359e+07
190     303667     561275 1.05764e+06
191     302642     522325     651500
192     296027     829674 4.75856e+06
193     295713     547932 1.02332e+06
194     295712     583236 1.49689e+06
195     293116     895532 5.90363e+06
196     292894     726714 3.47816e+06
197     292871     657133 1.79597e+06
198     292845     921558 6.32837e+06
199     292830     648856 2.50177e+06
200     291006     557174 1.13028e+06
201     290995     531571     790546
202     290609     521344     693845
203     290571     555549 1.16036e+06
204     290446     630947 2.07552e+06
205     290371     571901 1.34827e+06
206     290368     597933 1.74967e+06
207     290255     573616 1.26963e+06
208     290215     968173 6.88346e+06
209     290046     529459     826852
210     289641     871715 5.57657e+06
211     289633     587927 1.61457e+06
212     289626     651784 2.5102e+06
213     289588     612703 1.43561e+06
214     289588     905922 5.5421e+06
215     289586     562311 1.2256e+06
216     289504     601126 1.88748e+06
217     289325     684132 3.01948e+06
218     289324 1.85826e+06 1.84223e+07
219     289316     626770 1.96684e+06
220     289299     595306 1.53663e+06
221     289109     595492 1.53711e+06
222     289042     688272 2.89262e+06
223     289009     924736 6.26048e+06
224     289008     533358     797996
225     289008     537891     875171
226     289007     530573     778801
227     289007 1.05465e+06 7.87117e+06
228     289005     539966     962152
229     289003     530188     821073
230     288980     617388 2.00159e+06
231     288972     515449     640881
232     288958 1.02779e+06 7.7132e+06
233     288527     549382     942890
234     288527     550157 1.09166e+06
235     288527 4.51986e+06 5.66209e+07
236     288526     578633 1.48459e+06
237     288521     668460 2.68244e+06
238     287761     520379     680815
239     287055 1.27869e+06 1.13038e+07
240     287051 1.60296e+06 1.54413e+07
241     287051     873765 5.02794e+06
242     287029     905711 5.95055e+06
243     287002 1.31509e+06 1.17738e+07
244     287002 1.45921e+07 1.97602e+08
245     287000     527447     773077
246     286705     913447 6.26426e+06
247     286264     630969 2.35184e+06
248     286263     516129     760758
249     286256     584016 1.72934e+06
250     284141     627320 1.63205e+06
251     283811     767340 3.36597e+06
252     283811     571501 1.53227e+06
253     283755     513780     872894
254     283751     501141     685685
255     283402 1.56837e+06 1.54234e+07
256     283357  1.537e+06 1.4728e+07
257     283318     807949 4.79381e+06
258     283287     611323 2.07764e+06
259     282652     538838 1.08451e+06
260     282640     494954     627156
261     282626 2.34753e+07 3.22172e+08
262     282617 7.31096e+06 9.59176e+07
263     282549     862426 3.88591e+06
264     282495     626935 2.37759e+06
265     282482     827000 5.07544e+06
266     282482     647365 2.51244e+06
267     282481     615866 2.20098e+06
268     282436     525411     848743
269     282425     507233     651518
270     282425     599772 1.7432e+06
271     282407     879469 5.76135e+06
272     282232     875430 5.46116e+06
273     282159     815891 4.76337e+06
274     282152     542799     952542
275     282102     565551 1.1406e+06
276     282091 1.19592e+06 1.01402e+07
277     282082     792852 4.54814e+06
278     282059     527401     857646
279     282053     506944     679195
280     281925 1.14224e+06 9.54021e+06
281     281924     781962 4.44569e+06
282     281788     598690 1.95945e+06
283     281785     605703 2.05464e+06
284     281778     762787 4.15946e+06
285     281727     519147     837493
286     281516 1.3486e+07 1.81951e+08
287     281467     528359 1.0051e+06
288     281396     576449 1.64797e+06
289     281105     567045 1.48984e+06
290     281096 1.15029e+06 9.70395e+06
291     281093     516687     879046
292     281092     521609     886524
293     280935     531766     985839
294     280916     589220 1.73587e+06
295     280908     534334 1.01005e+06
296     280896     552448 1.19058e+06
297     280896 4.50722e+06 5.60857e+07
298     280717     544516 1.14803e+06
299     280685     513518     756373
