Ind. max size:   7
Init. pop. size: 50
Max. pop. size:  100
Tournament size: 2
Max. num. gen.:  350
Crossover rate:  0.95
Mutation rate:   0.05
Min Fitness:  	 Mean Fitness: 	 Max Fitness:  
0    1.22336 2.18006e+06 1.09984e+08
1    1.04474    98574.8 4.77609e+06
2   0.994473 2.0024e+06 1.05315e+08
3   0.953925 5.90982e+06 3.18321e+08
4   0.948698 5.82828e+06 2.99543e+08
5   0.917768 2.20236e+07 1.10944e+09
6   0.908126 2.00241e+07 1.1303e+09
7   0.902794 1.9757e+07 1.13146e+09
8   0.898122 6.16074e+12 3.63484e+14
9   0.885822 6.05807e+12 3.63484e+14
10   0.875369 5.95879e+12 3.63484e+14
11   0.870677 5.86302e+12 3.63506e+14
12   0.869144 5.76993e+12 3.63506e+14
13   0.862768 2.82117e+14 1.80555e+16
14   0.859528 2.77776e+14 1.80555e+16
15   0.859284 1.0078e+13 6.65149e+14
16   0.858805 9.92751e+12 6.65143e+14
17   0.839976 4.2116e+08 2.86289e+10
18   0.837554 3.94891e+08 2.72462e+10
19   0.818812 3.71747e+08 2.60069e+10
20   0.806003 3.65919e+08 2.59742e+10
21   0.791778 9.68296e+08 6.97146e+10
22   0.789782 2.27743e+09 1.66247e+11
23   0.789656 2.27563e+09 1.68374e+11
24   0.777282 1.90814e+09 1.43087e+11
25   0.773999 1.88603e+09 1.43279e+11
26   0.755813 1.84249e+09 1.41868e+11
27   0.748307 1.83151e+09 1.4282e+11
28   0.742609 1.93096e+09 1.52538e+11
29   0.742581 7.51778e+12 6.01422e+14
30   0.738591 7.92798e+12 6.42166e+14
31   0.738279 7.83128e+12 6.42165e+14
32   0.732798 5.02927e+12 4.17429e+14
33   0.729818 1.34518e+16 1.12995e+18
34   0.723016 1.31995e+16 1.12195e+18
35    0.71894 1.30469e+16 1.12203e+18
36   0.717347 1.50672e+16 1.31085e+18
37   0.688801 2.10168e+16 1.84948e+18
38   0.681248 5.86747e+18 5.22205e+20
39   0.675325 5.80228e+18 5.22205e+20
40   0.669282 5.73852e+18 5.22205e+20
41   0.665501 5.67614e+18 5.22205e+20
42   0.665501 2.52585e+16 2.34904e+18
43   0.662291 2.49909e+16 2.34915e+18
44   0.640387 5.73312e+15 5.44646e+17
45   0.638815 2.74731e+12 2.63742e+14
46    0.63209 2.7057e+12 2.62453e+14
47   0.631689 1.6018e+14 1.56977e+16
48   0.630735 9.19523e+17 9.10328e+19
49   0.624886 5.25149e+06 3.5064e+08
50    0.62456    47828.3 4.47603e+06
51   0.620856    2919.36     250429
52   0.614392    2240.48     153530
53    0.59158    1717.36     111756
54   0.574417    405.681    28632.1
55   0.563049    250.942    12891.2
56   0.562461    1647.52     151819
57   0.561325    246.443      14311
58   0.560829     166.08    6675.96
59   0.560802     143.09    5414.35
60   0.560494    116.228    3871.07
61   0.559333    128.838     6018.6
62   0.558855     95.905    3407.64
63   0.555179      219.4    12380.7
64   0.553619     174.38    10282.1
65   0.550751    129.955    4518.54
66   0.550672     110.64    3930.65
67   0.550423    168.872    9129.57
68   0.549723    112.303    4543.78
69   0.549723    87.7143    3798.15
70   0.539408    75.4454    2310.09
71   0.537946    79.2162    2680.93
72   0.533701    71.9429    2349.11
73   0.533674    73.6017    2823.31
74   0.527083    71.5823    2864.69
75   0.527061    127.417    8044.41
76   0.524688     68.317    2183.71
77   0.524311     84.204    2820.11
78   0.522183    82.5213    2750.14
79   0.521143    106.695    5019.68
80   0.517645    81.5859    3161.88
81   0.517405    149.507      10185
82   0.514159    249.569    12498.2
83   0.507833    96.8754    5014.94
84   0.507833    72.0132    2752.87
85    0.50291    74.3732    2586.65
86   0.500748    588.963    51979.4
87    0.49644    205.089    12704.2
88   0.495686    107.712    5925.39
89   0.494555    82.4348    2941.51
90   0.488829    171.922    11421.9
91   0.488719    331.117    28089.5
92   0.488719     210.11    16160.4
93   0.479299    93.2028    4777.85
94   0.479299    77.1331    2826.34
95   0.479299    107.109    5455.48
96   0.471788    87.3758    3556.73
97   0.471105    145.302    5949.82
98   0.469197    77.9993    2676.28
99   0.467254     70.723    2708.15
100   0.464773    56.0875    1435.16
101   0.464764    46.8967    1321.33
102   0.461498    68.4923    2506.07
103   0.458399    175.707    8153.08
104   0.458109    64.6247    2757.54
105   0.458021    66.0273    2321.97
106   0.457703    70.0486    3209.23
107   0.457703    49.3123    1452.78
108   0.457683    71.4354    2857.94
109   0.452093    57.2278    1940.75
110    0.45134    51.9478    1619.27
111    0.45123    81.9869    3101.05
112   0.450592    101.379    4355.87
113   0.450552    133.546    7549.31
114   0.450529    133.181     7742.7
115   0.445233    174.527    12189.3
116   0.444887    188.697    10618.8
117   0.434892    143.952    7161.46
118   0.434892    102.848    4257.31
119     0.4329    70.9919    2944.51
120   0.424268    183.204      11183
121   0.424268    77.3634    3905.93
122   0.423944    71.0746    2585.25
123   0.423444    91.0168    4498.58
124   0.423442    323.512    14479.9
125   0.423416    68.2737    2723.47
126   0.423329    77.7649    3654.96
127   0.422926    75.2203    2886.19
128   0.421736    67.9826     2455.1
129   0.421702    135.928    8301.81
130   0.419706    173.151    9153.86
131    0.41781      93.28    3400.95
132   0.415449     90.015     3245.9
133   0.414174    94.9503    5264.24
134    0.41379    98.4597    4723.74
135    0.41379    94.6075    3829.34
136    0.41379    98.6164    5485.36
137    0.41379    130.368    6881.67
138    0.41379    117.543    7171.76
139    0.41379    71.1172    2477.62
140   0.408189    87.1327    3120.83
141    0.40437    73.9804    2635.45
142    0.40437    96.8669    3614.22
143   0.403615    67.6086    2483.63
144   0.401236     65.573    2770.55
145   0.400511    71.6942     2573.3
146    0.40007    92.3584    4575.71
147    0.40007    70.2726    2479.15
148   0.399626    85.3485    2742.85
149    0.39952    80.6774    2835.39
150   0.399497    72.1131    3002.31
151   0.398776    82.0488    2966.02
152   0.397357    211.922      15909
153   0.397329    70.6035    2433.45
154   0.397329    150.341    9595.97
155   0.393819    89.6354    4632.49
156   0.392548    69.7388     2352.6
157   0.392256    63.6042    1726.42
158   0.383451    64.4156    1915.48
159   0.380323    73.9089    2145.02
160   0.379627    69.5033    2081.73
161   0.379551    53.0762    1726.57
162   0.379074    154.314    11159.3
163   0.378889    80.9706    3780.17
164   0.378889    66.9573    3008.57
165   0.378476    63.5043    2244.03
166   0.378284    77.8692    3563.36
167   0.378199    73.1124    2819.43
168   0.378199    87.3462    3527.56
169   0.377861    95.0819    4475.58
170   0.376988    75.7765    3076.66
171   0.376765    56.1462    1795.96
172   0.376749     83.839     3784.9
173   0.376749    85.8816    3588.88
174   0.375939    73.9536    3202.53
175   0.375842    63.2236    2270.63
176   0.375722    56.4413    1410.64
177   0.375722     57.634    1647.91
178   0.375713    74.3275    2643.07
179   0.375539    70.1006    2241.13
180   0.375539    130.961     7394.7
181   0.375539     59.337    2565.81
182   0.375425      70.12    2618.25
183   0.375425    142.982    6632.43
184   0.375126    56.6882    1243.47
185   0.375126    53.2005    1651.55
186   0.375124    58.5166    2161.19
187   0.374687    71.2041    3514.07
188   0.374687     74.349    2843.42
189   0.374609    89.8785    4306.59
190   0.374609    151.188    6397.89
191   0.374609    88.5373    3382.45
192   0.373247    221.685    14667.9
193   0.373217     172.31    12467.8
194   0.373217    51.9271    1318.77
195   0.372724    76.2112    2439.08
196   0.372724    68.8203    2836.13
197   0.372724    73.5698    3412.17
198   0.372724    64.8805    2531.21
199   0.372724    66.3662    1973.18
200   0.372715    61.9881    1966.21
201   0.372715    72.1501    2407.01
202   0.372668     74.499    3195.19
203   0.372668    77.5999    2989.02
204   0.372663    90.5567    3710.97
205   0.372445    88.3952    4008.81
206   0.372395    75.8138    2267.21
207   0.372395    82.6839    3121.42
208   0.372211    417.511    37210.1
209   0.372211    55.5378     1794.5
210   0.372211    54.8229    1890.07
211   0.372211    132.599    9560.42
212   0.371263    51.9484    1485.84
213   0.371263    60.3602    1883.51
214   0.371263    50.3784    1728.98
215   0.371262    297.574    25273.8
216   0.371258    69.4173    2354.55
217   0.371248    72.0928    2932.09
218   0.371248     67.172    2476.16
219   0.371212    70.7609    2845.18
220   0.370885    214.955    15035.7
221   0.370885    60.7537    1959.11
222   0.369341    172.537    12977.2
223   0.369341    62.4692    2180.82
224   0.368316    56.2865    1750.97
225   0.368017    70.7392    2805.02
226   0.368017    49.4491    1364.68
227   0.367811    51.7541    1443.94
228   0.367808    74.4096    3069.22
229   0.367432    70.2538     3050.1
230   0.367432     105.61    6105.44
231   0.367432    60.0107    2106.34
232    0.36743    95.1328    5161.51
233    0.36733    59.9071    1758.88
234   0.367321    58.0537    1739.24
235    0.36568    73.7086    2397.03
236    0.36568    188.324    11989.2
237   0.365548    80.3828    3539.77
238   0.364791    91.6754    4164.49
239   0.360508    66.2198    2089.33
240   0.360507    61.7199    2101.99
241   0.360505     50.692    1364.07
242   0.359858    56.1095    1841.79
243   0.359686    140.079    10127.4
244   0.359668     84.731    2945.59
245    0.35863    75.0796    2650.16
246   0.358594    96.8746    3939.47
247   0.358575    60.7506    1937.19
248   0.352189    57.4181       1840
249   0.352144    84.5279    3769.07
250   0.352021    52.6802    1532.98
251   0.352018    54.8436    1659.14
252   0.351982    83.4217    3855.21
253   0.351982    102.224    4614.83
254   0.351969    95.9218    3496.41
255   0.351963    105.254    4098.97
256   0.348861    80.9502    3274.96
257   0.348605    210.005    15469.7
258   0.348138    66.8825    1907.35
259   0.344578    93.8938    4488.71
260   0.344286    87.3574    3566.63
261   0.343913    80.2717    3226.24
262   0.340005    70.8724    2693.16
263   0.340005    59.5062    1952.27
264   0.339381    68.2888    2405.84
265   0.339366    58.6689    1717.08
266   0.339343    70.8765    2708.45
267   0.339124    59.7717    1817.83
268   0.338242    77.5047    3734.84
269   0.338114    65.5695    1973.84
270   0.338109    193.942    15349.1
271   0.338082    61.6414    2288.47
272   0.337422    63.0414    2371.95
273   0.337422    119.495    8161.01
274   0.336889    66.4358    2873.08
275   0.336889    68.3832    2379.34
276   0.335735    68.9119    2489.44
277   0.335677    67.8017    2559.95
278   0.335478    86.7825    3376.86
279   0.335478    71.7391    3231.83
280   0.335296    49.7781    1604.16
281   0.335266    49.4335    1396.41
282   0.335266    60.3624    1858.43
283   0.335223    90.1529       4049
284   0.335222      87.51    3414.75
285   0.335214    60.7087    2070.35
286   0.330055    69.8261    2730.62
287   0.330045    75.7192    2855.16
288   0.330039    86.2718    3915.73
289   0.329458    66.8895    2510.32
290   0.328979    72.5332    3100.89
291   0.328961    60.5914    2147.84
292   0.327181    106.747    5318.91
293   0.327181    131.217    6445.81
294   0.326668    85.4356    4065.85
295   0.326124    66.6752    2161.71
296   0.325967     69.606     2147.4
297   0.325943    74.1151    2249.47
298   0.325786    102.196    5401.04
299   0.325786    117.495    5591.59
300   0.325573    128.104     5496.9
301   0.325573    79.9471    2877.99
302   0.325573    69.2519    2668.48
303   0.325464    72.6088    3097.06
304   0.324347     67.555    1989.05
305   0.324347     69.808    2401.34
306   0.324212      64.56    2146.71
307   0.324208    90.3135    3576.72
308   0.324207    67.1804    2241.61
309   0.324207    94.8086     5117.8
310   0.324207    80.2066    2780.07
311   0.324008    91.5663    3899.82
312   0.324008    76.1532    2205.38
313   0.323946    204.275    15058.6
314   0.323946    72.9636     2454.7
315   0.323946    81.0986    3294.91
316   0.323946    117.062    6752.45
317   0.323946    326.516    26179.6
318   0.322217    151.933    8711.82
319   0.322205    108.276    4755.24
320    0.31911    91.8304    3476.76
321    0.31911    78.4238    2674.73
322   0.318832    98.3151    3144.71
323   0.317955    71.5709    2251.32
324   0.317701    72.2915    1914.44
325   0.317626    203.633    14787.9
326   0.317583    78.9029    2795.67
327   0.316397    107.176    5583.27
328   0.316331    77.2944    2986.46
329   0.316331     76.916    2726.62
330   0.312237    68.0007    2239.61
331   0.312237     782.66    71413.8
332   0.312225     135.76     6647.6
333   0.311934      104.7     5313.7
334   0.310868    71.9156    3067.91
335   0.310302    85.4717    3995.73
336   0.310174    72.5432    2872.64
337   0.307818    58.0811    2327.07
338   0.307277    49.5977    1592.75
339   0.307277    54.3459    1739.62
340   0.307277     60.468    2277.78
341   0.307277    59.7015    2208.57
342    0.30698     91.764    4958.28
343   0.306388    77.7559    3020.45
344   0.306388    172.472    11857.1
345   0.306355     99.016    5211.23
346   0.305024    59.8481    1668.91
347   0.305023    59.2872    1977.88
348   0.305023    72.1252     2953.6
349   0.305023    78.8003     2740.7