0     2.6022    153.791    1487.29
1   0.924447    167.553     1446.7
2   0.924447    397.026    2620.42
3   0.924447    359.585    2620.42
4   0.924447     1568.6      19077
5   0.924447    1495.04    19074.7
6   0.924447    547.463    3956.52
7   0.924447    502.954    3956.52
8   0.924447    369.846    3956.52
9   0.924447    155.887    2726.53
10   0.924447    1690.33    32437.9
11   0.924447    1505.56    32437.9
12   0.924447    1531.16    32437.9
13   0.924447    967.877    20309.1
14   0.924447    115.785    2274.55
15   0.923514    285.382    6631.97
16   0.923514    191.954    3666.52
17   0.923514    11093.8     310333
18   0.923514    10721.1     310333
19   0.923514    10517.8     314806
20   0.923514    10186.9     314806
21   0.923514    9853.38     314713
22   0.923514    10598.9     349193
23   0.923514    10282.6     349193
24   0.923514    9997.71     349193
25   0.865196     302.67    9933.11
26   0.865196    284.066    9933.11
27   0.865196    276.909    9933.11
28   0.865196    315.201    10485.7
29   0.865196    275.027    10485.7
30   0.865196    273.848    10485.7
31   0.865196    269.994    10485.7
32   0.865196    544.491    22644.4
33   0.865196    1602.88    69360.6
34   0.865196    1574.75    69360.6
35   0.865196    1583.83    69360.6
36   0.865196    21100.8     921592
37   0.865196    21061.7     921592
38   0.865196    20071.8     921639
39   0.865196    19893.3     921639
40   0.865196    34515.7     921639
41   0.865196    129.171    3022.43
42   0.865196    693.256    20954.6
43   0.375365    2492.84    69191.1
44   0.375365    2277.88    69191.1
45   0.375365    1321.48    69191.1
46   0.375365    557.726    19515.8
47    0.36124    463.455    19516.4
48    0.36124    5117.16     280130
49    0.36124    3354.24     179024
50    0.36124    5308.21     179024
51   0.358014    3746.71     120686
52    0.34816     2077.8     120686
53    0.34816     776.99    21123.2
54    0.34816    435.738    21127.1
55    0.34816    487.285    21127.1
56    0.34816    923.569    24193.5
57    0.34816    1922.36    65779.3
58    0.34816    19052.8 1.2952e+06
59    0.34816    21242.9 1.2952e+06
60    0.34816    12886.9     844171
61    0.34816    10090.7     664394
62    0.34816 2.50469e+06 1.8276e+08
63    0.34816 2.47122e+06 1.8276e+08
64    0.34816 2.44451e+06 1.8276e+08
65    0.34816 2.4615e+06 1.8276e+08
66    0.34816     159922 1.21473e+07
67    0.34816     156425 1.21473e+07
68    0.34816  1.052e+06 8.30482e+07
69    0.34816 1.44258e+07 1.15404e+09
70    0.34816 3.39763e+06 2.75056e+08
71    0.34816 3.35573e+06 2.75056e+08
72    0.34816 3.31516e+06 2.75056e+08
73    0.34816     1392.2     100895
74    0.34816    8105.24     228709
75    0.34816    15523.2     754565
76    0.34816    12933.4     754541
77    0.34816     3951.7     146820
78    0.34816    5531.32     146829
79    0.34816    2841.19     137906
80    0.34816    99569.4 9.04243e+06
81    0.34816     102004 9.04243e+06
82    0.34816     101667 9.04243e+06
83    0.34816     102756 9.04243e+06
84    0.34816     115630 9.04243e+06
85    0.34816    94684.1 9.01794e+06
86    0.34816    34190.5 3.2291e+06
87    0.34816 2.72588e+06 2.49525e+08
88    0.34816 2.76514e+06 2.53072e+08
89    0.34816 2.53585e+06 2.53072e+08
90    0.34816 2.51056e+06 2.53072e+08
91    0.34816 2.48183e+06 2.53072e+08
92    0.34816 2.4351e+06 2.47602e+08
93    0.34816 2.55699e+06 2.47602e+08
94    0.34816 2.51681e+06 2.47602e+08
95    0.34816 2.47449e+06 2.47602e+08
96    0.34816 2.33059e+06 2.47602e+08
97    0.34816 2.48556e+06 2.47602e+08
98    0.34816 5.67944e+06 3.65796e+08
99    0.34816 5.64084e+06 3.65796e+08
100   0.292223 5.60257e+06 3.65796e+08
101   0.292223 5.57211e+06 3.65796e+08
102   0.292223 5.52068e+06 3.65796e+08
103   0.292223 5.48036e+06 3.65796e+08
104   0.292223 5.41315e+06 3.65796e+08
105   0.292223 1.06438e+12 1.23468e+14
106   0.292223 1.05528e+12 1.23468e+14
107   0.292223 1.04634e+12 1.23468e+14
108   0.292223 2.86148e+13 3.40516e+15
109   0.292223 2.83763e+13 3.40516e+15
110   0.292223 2.81418e+13 3.40516e+15
111   0.292223 3.95347e+12 4.82324e+14
112   0.292223 3.92133e+12 4.82324e+14
113   0.292223 3.88971e+12 4.82324e+14
114   0.292223 3.85859e+12 4.82324e+14
115   0.292223 3.82797e+12 4.82324e+14
116   0.284629 3.80298e+12 4.82324e+14
117   0.284629 3.79814e+12 4.82324e+14
118   0.284629 3.73906e+12 4.82324e+14
119   0.284629 3.71029e+12 4.82324e+14
120   0.284629 3.68188e+12 4.82324e+14
121   0.284629 1.5922e+07 1.30829e+09
122   0.284629 1.97058e+07 1.30829e+09
123   0.284629 1.02809e+07 1.30829e+09
124   0.284629 1.02148e+07 1.30829e+09
125   0.284629 3.38493e+06 2.20588e+08
126   0.284629 3.35593e+06 2.11507e+08
127   0.284629 2.21237e+06 2.03954e+08
128   0.284629 2.12912e+06 2.03954e+08
129   0.284629 2.05306e+06 2.03954e+08
130   0.284629 1.96629e+06 2.03954e+08
131   0.284629 6.32891e+06 6.12339e+08
132   0.284629 4.53928e+10 6.48897e+12
133   0.284629  4.508e+10 6.48897e+12
134   0.284629 4.47691e+10 6.48897e+12
135   0.284629 6.72021e+10 9.80916e+12
136   0.284629  6.675e+10 9.80916e+12
137   0.284629 2.82207e+07 2.81122e+09
138   0.284629 1.89188e+07 2.81122e+09
139   0.284629 1.87906e+07 2.81122e+09
140   0.284629 1.01929e+11 1.53882e+13
141   0.284629 3.5436e+11 3.84744e+13
142   0.284629 4.00713e+11 3.84744e+13
143   0.284629 1.70963e+11 2.55643e+13
144   0.284629 1.73428e+11 2.55643e+13
145   0.284629 3.03273e+16 4.36378e+18
146   0.284629 2.78041e+16 4.36378e+18
147   0.284629 2.76192e+16 4.36378e+18
148   0.284629 2.74455e+16 4.36378e+18
149   0.284629 2.7274e+16 4.36378e+18
150   0.284629 2.71047e+16 4.36378e+18
151   0.284629 2.6937e+16 4.36378e+18
152   0.284629 2.68787e+16 4.36378e+18
153   0.284629 2.67336e+16 4.36378e+18
154   0.284629 3.05333e+16 4.36378e+18
155   0.284629 1.62869e+26 2.70362e+28
156   0.284629 1.61894e+26 2.70362e+28
157   0.284629 1.6093e+26 2.70362e+28
158   0.284629 1.21697e+25 2.05668e+27
159   0.284629 1.20981e+25 2.05668e+27
160   0.284629 1.20273e+25 2.05668e+27
161   0.284629 6.24526e+26 1.07418e+29
162   0.284629 4.12647e+16 7.13847e+18
163   0.284629 4.10367e+16 7.13847e+18
164   0.284629 4.08383e+16 7.13847e+18
165   0.284629 4.06056e+16 7.13847e+18
166   0.284629 1.99406e+15 3.52267e+17
167   0.284629 1.97903e+15 3.52267e+17
168   0.284629 6.89203e+15 1.23367e+18
169   0.284629 6.85374e+15 1.23367e+18
170   0.284629 1.29884e+14 2.3509e+16
171   0.284629 3.63818e+16 6.62148e+18
172   0.284629 3.6183e+16 6.62148e+18
173   0.284629 2.00241e+10 2.90474e+12
174   0.284629 1.59986e+10 2.90474e+12
175   0.284629 1.56373e+10 2.90474e+12
176   0.284629 1.53729e+10 2.87292e+12
177   0.284629 1.53107e+10 2.87292e+12
178   0.284629 1.52095e+10 2.87292e+12
179   0.284629 1.7377e+07 3.11606e+09
180   0.284629 1.71345e+07 3.11606e+09
181   0.284629 1.68057e+07 3.11606e+09
182   0.284629 1.64967e+07 3.11606e+09
183   0.284629 4.80111e+07 8.62181e+09
184   0.284629 4.76876e+07 8.62182e+09
185   0.284629 4.6454e+09 9.0178e+11
186   0.284629 5.22064e+07 8.58952e+09
187   0.284629 4.77027e+07 8.58952e+09
188   0.284629 4.61946e+07 5.01412e+09
189   0.284629 2.5829e+06 2.28799e+08
190   0.284629 7.35544e+06 1.39133e+09
191   0.284629     364802 5.79537e+07
192   0.284629    46190.1 4.60986e+06
193   0.284629    23359.6 2.48617e+06
194   0.284629    17229.5 2.48605e+06
195   0.118763      21165 2.48605e+06
196   0.118763    15738.5 2.48605e+06
197   0.118763    27148.7 2.48605e+06
198   0.118763    17246.9 2.28478e+06
199   0.118763    78186.8 6.93984e+06
200   0.118763    41616.9 4.48176e+06
201   0.118763    49150.7 4.64137e+06
202   0.118763    14899.1 2.39825e+06
203   0.118763    3880.42     379186
204   0.118763    4299.37     379186
205   0.118763    1354.21     118337
206   0.118763    1017.52    70196.5
207   0.118763    896.626    62061.9
208   0.118763     695.39    57894.1
209   0.118763    433.432    29318.8
210   0.118763    744.121      32281
211   0.118763    762.767    32664.5
212   0.118763    1160.88    57252.6
213   0.118763    2945.36     381771
214   0.118763    6429.95     381771
215   0.118763    4203.03     381771
216   0.118763    3757.91     237761
217   0.118763    2233.74     237761
218   0.118763    1133.84    63037.6
219   0.118763     793.77    51897.6
220   0.118763     969.86    51897.6
221   0.118763    885.866    37614.5
222   0.118763    5154.73     849193
223   0.118763    1647.91     184242
224   0.118763    5420.64     779575
225   0.118763     2808.1     249611
226   0.118763     1443.5     135089
227   0.118763    1246.07     135089
228   0.118763    1269.33     131590
229   0.118763    1853.94     130507
230   0.118763    1801.11    93622.7
231   0.118763    1020.92    93622.7
232   0.118763    509.524    48619.8
233   0.118763    683.883    48619.8
234   0.118763    364.408    19152.4
235   0.118763    505.615    29967.5
236   0.118763    530.325    20647.7
237   0.118763     172186 3.41974e+07
238   0.118763    431.607    19532.2
239   0.118763    2164.33     251882
240   0.118763    576.679    32059.5
241   0.118763    410.318    21573.1
242   0.118763    920.966     114072
243   0.118763    340.711    25159.9
244   0.118763     459.31    25159.9
245   0.118763    570.778    37712.6
246   0.118763    281.959    20826.4
247   0.118763    237.423    20891.3
248   0.118763    342.058    20892.6
249   0.118763    214.188    20892.6
250   0.118763    166.378    5850.64
251   0.118763    228.629    16341.4
252   0.118763    428.967    30136.2
253   0.118763    239.913    16344.6
254   0.118763     197.91    16353.5
255   0.118763    76.8429    5820.58
256   0.118763    152.245    4614.55
257   0.118763    2035.38     384584
258   0.118763    122.817    11045.5
259   0.118763    224.372    16216.7
260   0.118763    462.341    31606.9
261   0.118763    598.283    31351.5
262   0.118763    323.385      17497
263   0.118763    261.835      17497
264   0.118763    491.915    25689.6
265   0.116567    347.713    25689.6
266   0.116567    507.307    32324.1
267   0.116567    1896.23     243653
268   0.116567    1606.92     243653
269   0.116567    1020.68    72551.1
270   0.116567    1394.12     162605
271   0.116567    1012.26     111710
272   0.116567    331.123      26697
273   0.116567     612.43    35917.8
274   0.116567    890.364    72737.7
275   0.116567     845.94    72737.7
276   0.116567    884.935    72737.7
277   0.116567    484.312    54709.9
278   0.116567    113.646    4923.08
279   0.116567    947.461     114438
280   0.116567    634.293    88782.4
281   0.116567     580.59    54281.3
282   0.116567     307.74    37010.1
283   0.116567    143.483    17667.7
284   0.116567    146.553    9121.95
285   0.116567    150.196    15194.7
286   0.116567    169.184    7272.74
287   0.116567    209.156    23942.4
288   0.116567    433.704    47722.4
289   0.116567    109.901    7264.96
290   0.116567    168.962    22129.7
291   0.116567    177.384    19132.2
292   0.116567    213.445    19132.2
293   0.116567    169.013    9664.22
294   0.116567     162.29    9664.22
295   0.116567    288.705    15670.9
296   0.116567     2343.8     226127
297   0.116567    1070.22    79495.6
298   0.116567    741.207    79495.6
299   0.116567    1148.91    89142.8