0    1.18841    950.178    21903.1
1    1.01527      30822 1.56724e+06
2   0.987159    30461.6 1.56947e+06
3   0.982912    30865.9 1.56947e+06
4   0.979476     125451 6.60617e+06
5    0.97877    18826.2     758639
6    0.97877    16651.7     758639
7   0.927112  5.505e+07 3.19272e+09
8   0.926207 5.41188e+07 3.19272e+09
9    0.92365 7.07484e+08 4.24488e+10
10    0.92362 6.9671e+08 4.24488e+10
11   0.855199 6.84663e+08 4.24487e+10
12   0.855199 6.89591e+08 4.34426e+10
13   0.855199 6.78843e+08 4.3443e+10
14   0.855199     115278 5.00478e+06
15   0.855199 6.30182e+06 4.10476e+08
16   0.855199 6.20845e+06 4.1053e+08
17   0.855199 9.54586e+07 6.48578e+09
18   0.855199 1.47731e+09 9.54451e+10
19   0.855199 1.44177e+09 9.54451e+10
20   0.855199 3.17793e+09 1.30191e+11
21   0.855199 3.13826e+09 1.30191e+11
22   0.855199 3.09528e+09 1.30191e+11
23   0.855199 3.03877e+09 1.30191e+11
24   0.855199 2.99826e+09 1.30191e+11
25   0.855199 3.26765e+10 2.39667e+12
26   0.855199 1.26064e+10 8.26877e+11
27    0.80586 1.84922e+09 1.43667e+11
28    0.80586 1.82578e+09 1.43667e+11
29    0.80586 1.21389e+11 9.56656e+12
30    0.80586 1.1948e+11 9.56656e+12
31    0.80586 1.16666e+11 9.56657e+12
32    0.80586 4.01737e+09 3.3344e+11
33   0.789598 3.97001e+09 3.33462e+11
34   0.789598 3.92306e+09 3.33459e+11
35   0.789598 3.53908e+07 3.04025e+09
36   0.789598 3.51098e+07 3.0443e+09
37   0.789598 3.47601e+07 3.0443e+09
38   0.789598 3.48961e+07 3.04138e+09
39   0.789598 1.75841e+08 1.28185e+10
40   0.789598 1.73578e+08 1.27843e+10
41   0.764123 1.39631e+08 1.27844e+10
42   0.764123 1.37822e+08 1.27844e+10
43   0.764123 1.41998e+08 1.27844e+10
44   0.764123 5.71962e+08 5.43316e+10
45   0.764123 8.58237e+08 8.2386e+10
46   0.706832 8.46481e+08 8.2105e+10
47   0.688588 8.15163e+08 7.98788e+10
48   0.688588 8.06929e+08 7.98788e+10
49   0.688588 7.98874e+08 7.98788e+10
50   0.688588 7.90992e+08 7.98815e+10
51   0.688588 3.96816e+08 4.04666e+10
52   0.683793 3.70033e+08 3.81121e+10
53   0.610284 3.66474e+08 3.81121e+10
54   0.610284 3.62994e+08 3.81142e+10
55   0.610284 3.59677e+08 3.81233e+10
56   0.610284 3.56299e+08 3.81233e+10
57   0.610284   3.53e+08 3.81234e+10
58   0.610284 3.49762e+08 3.81234e+10
59   0.610284 3.46829e+08 3.81368e+10
60   0.610284 3.43682e+08 3.81368e+10
61   0.610284 3.4064e+08 3.81368e+10
62   0.610284 3.37525e+08 3.81368e+10
63   0.610284 3.34562e+08 3.81368e+10
64   0.610284 3.31424e+08 3.81122e+10
65   0.610284 3.28588e+08 3.81122e+10
66   0.610284 3.25924e+08 3.81122e+10
67   0.610284 3.23036e+08 3.81122e+10
68   0.610284 2.55033e+07 2.4024e+09
69   0.610284 8.56159e+11 1.02738e+14
70   0.610284 5.70484e+06 6.29584e+08
71   0.610284 5.65648e+06 6.29589e+08
72   0.610284 6.31773e+06 7.00182e+08
73   0.610284 4.26764e+10 5.29187e+12
74   0.610284 5.76221e+12 7.20276e+14
75   0.610284 5.71536e+12 7.20135e+14
76   0.610284 3.95159e+11 5.01852e+13
77   0.610284 3.92076e+11 5.01857e+13
78   0.610284 3.89037e+11 5.01857e+13
79   0.610284 5.92115e+12 7.6975e+14
80   0.610284 5.87699e+12 7.69886e+14
81   0.610284 1.07203e+10  1.415e+12
82   0.610284 1.06391e+10  1.415e+12
83   0.610284 9.39326e+07 1.25619e+10
84   0.610284 9.97273e+07 1.25621e+10
85   0.610284 1.29763e+09 1.75559e+11
86   0.610284 1.28816e+09 1.75559e+11
87   0.610284 1.27871e+09 1.75559e+11
88   0.610284 1.91818e+07 1.76542e+09
89   0.610284 2.03806e+07 1.76541e+09
90   0.610284 2.02348e+07 1.76541e+09
91   0.610284     374781 3.53397e+07
92   0.610284     215161 1.85478e+07
93   0.610284 3.85498e+06 5.39828e+08
94   0.610284 3.92046e+06 5.41883e+08
95   0.610284 3.81957e+06 5.41883e+08
96   0.610284 3.81507e+06 5.41883e+08
97    0.59536 3.68348e+06 5.39922e+08
98    0.59536 4.27448e+06 6.21236e+08
99    0.59536 3.98246e+06 5.7916e+08
100    0.59536     165736 1.46289e+07
101    0.59536      33676 2.61151e+06
102   0.595277     146670 1.80173e+07
103   0.595277     159980 2.01163e+07
104    0.57549     159257 2.01163e+07
105    0.57549     130897 1.78563e+07
106   0.400059     130555 1.78563e+07
107   0.400059    29016.4 2.44714e+06
108   0.400059    27002.3 2.4529e+06
109   0.400059     378397 5.74376e+07
110   0.400059    36192.4 3.25586e+06
111   0.390206      41057 3.76706e+06
112   0.390206    31349.3 3.37909e+06
113   0.390206     275519 4.20081e+07
114   0.390206      38707 3.36156e+06
115   0.387723 1.0026e+06 1.62982e+08
116   0.387723 1.00113e+06 1.62982e+08
117   0.387723 1.05505e+06 1.62982e+08
118   0.387723     983008 1.61304e+08
119   0.387723     999266 1.61304e+08
120   0.387723     994045 1.61304e+08
121   0.387723     966757 1.61304e+08
122   0.387723 1.04434e+06 1.61304e+08
123   0.387723 8.99815e+11 1.56568e+14
124   0.387723 8.94673e+11 1.56568e+14
125   0.387723 8.8959e+11 1.56568e+14
126   0.387723 8.84604e+11 1.56568e+14
127   0.387723 8.79594e+11 1.56568e+14
128   0.387707 8.74688e+11 1.56568e+14
129   0.387707 3.07831e+07 5.53086e+09
130   0.387707 3.06377e+07 5.53356e+09
131   0.387707 9.44741e+07 1.71811e+10
132   0.387707 9.5739e+07 1.73778e+10
133   0.356832 9.50611e+07 1.73778e+10
134   0.356832 3.85444e+06 5.99548e+08
135   0.356832 3.92151e+06 5.99548e+08
136   0.356832 7.84136e+06 1.00439e+09
137   0.356832 9.86013e+07 1.76702e+10
138   0.356832 3.17223e+08 4.2066e+10
139   0.356832 2.52571e+08 4.75423e+10
140   0.356832  1.135e+09 1.74713e+11
141   0.356832 9.57035e+08 1.83432e+11
142   0.356832 9.50617e+08 1.83172e+11
143   0.356832 9.44739e+08 1.83058e+11
144   0.356832 9.40815e+08 1.82989e+11
145   0.356832 8.39439e+10 1.64527e+13
146   0.356832 7.27313e+07 1.38349e+10
147   0.356832 6.3849e+07 1.24096e+10
148   0.356832 6.21305e+07 1.21877e+10
149   0.356832 1.97993e+08 3.93729e+10
150   0.356832 1.75292e+08 3.48185e+10
151   0.356832 1.75204e+08 3.49936e+10
152   0.356832 1.72739e+08 3.49936e+10
153   0.356832 1.71927e+08 3.49938e+10
154   0.356832 2.26287e+09 4.63637e+11
155   0.356832 2.54041e+09 5.23216e+11
156   0.356832 2.52784e+09 5.23216e+11
157   0.356832 2.5141e+09 5.22927e+11
158   0.356832 2.50205e+09 5.22927e+11
159   0.356832     711799 1.04376e+08
160   0.356832 1.2939e+06 2.27477e+08
161   0.356769 1.27664e+06 2.27448e+08
162   0.356769 1.26988e+06 2.27754e+08
163   0.356769 2.66665e+07 5.65874e+09
164   0.356769 2.65505e+07 5.66095e+09
165   0.356769 2.63413e+07 5.66095e+09
166   0.356769 3.11388e+07 6.72765e+09
167   0.356769 4.52987e+11 9.87511e+13
168   0.297136 4.51023e+11 9.8774e+13
169   0.297136 3.25956e+13 7.17104e+15
170   0.297136 1.00916e+12 2.23024e+14
171   0.295685 1.01583e+12 2.25514e+14
172   0.295685 1.1171e+10 2.49036e+12
173   0.295685 1.11208e+10 2.49029e+12
174   0.295685 4.20785e+09 9.46762e+11
175   0.295685 4.08226e+09 9.21655e+11
176   0.295685 7.41554e+09 9.21844e+11
177   0.295685 7.38312e+09 9.21844e+11
178   0.295685 7.35359e+09 9.21844e+11
179   0.295685 4.01233e+09 9.21844e+11
180   0.295685 2.44034e+08 5.53272e+10
181   0.295685 2.33629e+08 5.3196e+10
182   0.295685 2.37246e+09 4.99471e+11
183   0.295685 2.36235e+09 4.99471e+11
184   0.295685 2.12543e+09 4.99471e+11
185   0.295685 3.12521e+13 7.37549e+15
186   0.295685 3.11202e+13 7.37549e+15
187   0.295685 3.09895e+13 7.37549e+15
188   0.295685 3.08405e+13 7.37089e+15
189   0.294732 3.0712e+13 7.37089e+15
190   0.294732 3.05846e+13 7.37089e+15
191   0.294732 3.04582e+13 7.37089e+15
192   0.293311 9.2202e+13 2.24051e+16
193   0.293311 6.4556e+14 1.57517e+17
194   0.293311 9.16663e+17 2.24582e+20
195   0.293311 9.12937e+17 2.24582e+20
196   0.293311 9.0924e+17 2.24582e+20
197   0.293311 9.05574e+17 2.24582e+20
198   0.293311 1.87149e+18   4.66e+20
199   0.293311 8.78614e+17 2.19653e+20
200   0.293311 1.4824e+12 3.72081e+14
201   0.293311 9.2361e+10 2.32741e+13
202   0.293311 6.21543e+09 1.5719e+12
203   0.293311 6.1902e+09 1.5719e+12
204   0.293311 6.17112e+09 1.57261e+12
205   0.293311 7.14392e+09 1.82859e+12
206   0.293311 1.09124e+09 2.80191e+11
207   0.293311 1.7417e+09 4.42635e+11
208   0.293311 1.9162e+08 4.36798e+10
209   0.293311 1.81447e+08 4.07976e+10
210   0.293311 1.59331e+08 4.07976e+10
211   0.293311 2.18245e+09 5.71679e+11
212   0.293311 2.17448e+09 5.71679e+11
213   0.293311 2.01694e+09 5.3177e+11
214   0.293311 2.27542e+11 6.02972e+13
215   0.293311 2.40328e+09 6.37822e+11
216   0.293311 1.06206e+09 2.83529e+11
217   0.291642 1.05809e+09 2.83529e+11
218   0.283299 1.05435e+09 2.83529e+11
219   0.283276 1.04884e+09 2.83176e+11
220   0.283276 1.04498e+09 2.83176e+11
221   0.263031 2.25328e+08 6.12588e+10
222   0.263031 2.23175e+08 6.08775e+10
223   0.263031 7.61151e+10 2.08547e+13
224   0.263031 7.58383e+10 2.08547e+13
225   0.263031 7.64699e+10 2.08547e+13
226   0.263031 7.71085e+10 2.08549e+13
227   0.263031 7.63763e+10 2.08531e+13
228   0.263031 1.94877e+09 5.4325e+11
229   0.263031 1.94053e+09 5.43193e+11
230   0.263031 3.55595e+08 9.97244e+10
231   0.263031 3.98608e+08 1.06175e+11
232   0.263031 3.75336e+08 1.06175e+11
233   0.261046 3.74717e+08 1.05994e+11
234   0.261046 4.81575e+07 1.37176e+10
235   0.261046 9.27224e+07 2.49112e+10
236   0.261046 7.30139e+14 2.0955e+17
237   0.261046 7.27604e+14 2.0955e+17
238   0.261046 7.25087e+14 2.0955e+17
239   0.261046 7.22586e+14 2.0955e+17
240   0.261046 7.20103e+14 2.0955e+17
241   0.261046 7.17637e+14 2.0955e+17
242   0.261046 6.99365e+13 2.04914e+16
243   0.261046 6.96987e+13 2.04914e+16
244   0.261046 5.1822e+12 1.52872e+15
245   0.261046 1.06187e+13 3.1431e+15
246   0.261046 1.05829e+13 3.1431e+15
247   0.261046 1.05474e+13 3.1431e+15
248   0.261046 3.92612e+10 1.16376e+13
249   0.261046 3.90557e+10 1.16376e+13