0   1.18924    
1  0.951824    
2  0.951824    
3  0.951824    
4  0.937182    
5  0.937182    
6  0.937182    
7  0.937182    
8  0.937182    
9  0.923442    
10  0.923442   
11  0.923442   
12  0.923442   
13  0.923442   
14  0.923442   
15  0.923442   
16  0.923442   
17  0.923442   
18  0.923442   
19  0.923442   
20  0.923442   
21  0.923442   
22  0.923442   
23  0.923442   
24  0.923442   
25  0.923442   
26  0.923442   
27  0.923442   
28  0.923442   
29  0.923442   
30  0.923442   
31  0.923442   
32  0.923442   
33  0.923442   
34  0.923442   
35  0.923402   
36  0.923402   
37  0.923402   
38  0.923402   
39  0.923402   
40  0.908191   
41  0.908191   
42  0.908191   
43  0.908191   
44  0.908191   
45  0.908191   
46  0.908191   
47  0.908191   
48  0.869449   
49  0.869449   
50  0.869449   
51  0.869449   
52  0.869449   
53  0.858371   
54  0.858371   
55  0.858371   
56  0.850046   
57  0.850046   
58  0.850046   
59  0.661004   
60  0.661004   
61  0.661004   
62  0.649167   
63  0.645575   
64  0.645575   
65  0.645575   
66  0.645575   
67  0.645575   
68  0.645575   
69  0.645575   
70  0.645575   
71  0.645575   
72  0.645575   
73  0.645575   
74  0.645575   
75  0.645575   
76  0.645575   
77  0.645575   
78  0.645575   
79  0.645575   
80  0.645575   
81  0.645575   
82  0.645575   
83  0.645575   
84  0.645575   
85  0.645575   
86  0.645575   
87  0.645575   
88  0.642472   
89  0.642472   
90  0.642472   
91  0.642472   
92  0.642472   
93  0.642472   
94  0.642472   
95  0.640829   
96  0.640829   
97  0.601125   
98  0.601125   
99  0.601125   
100  0.601125  
101  0.601125  
102  0.601125  
103  0.601125  
104  0.601125  
105  0.601125  
106  0.601125  
107  0.601125  
108  0.601125  
109  0.142066  
110  0.142066  
111  0.142066  
112   0.11291  
113   0.11291  
114   0.11291  
115   0.11291  
116   0.11291  
117   0.11291  
118   0.11291  
119   0.11291  
120   0.11291  
121   0.11291  
122   0.11291  
123   0.11291  
124   0.11291  
125   0.11291  
126   0.11291  
127   0.11291  
128   0.11291  
129   0.11291  
130   0.11291  
131   0.11291  
132   0.11291  
133   0.11291  
134   0.11291  
135   0.11291  
136   0.11291  
137   0.11291  
138   0.11291  
139   0.11291  
140   0.11291  
141   0.11291  
142   0.11291  
143   0.11291  
144   0.11291  
145   0.11291  
146   0.11291  
147   0.11291  
148   0.11291  
149   0.11291  
150   0.11291  
151   0.11291  
152   0.11291  
153   0.11291  
154   0.11291  
155   0.11291  
156   0.11291  
157   0.11291  
158   0.11291  
159   0.11291  
160   0.11291  
161   0.11291  
162   0.11291  
163  0.110212  
164  0.110212  
165  0.110212  
166  0.110212  
167  0.110212  
168  0.110212  
169  0.110212  
170  0.110212  
171  0.110212  
172  0.110212  
173  0.110212  
174  0.110212  
175  0.110212  
176  0.110212  
177  0.110212  
178  0.110212  
179  0.110212  
180  0.110212  
181  0.110212  
182  0.110212  
183  0.110212  
184  0.110212  
185  0.110212  
186  0.110212  
187  0.110212  
188  0.110212  
189  0.110212  
190  0.110212  
191  0.110212  
192  0.110212  
193  0.110212  
194  0.110212  
195  0.110212  
196  0.110212  
197  0.110212  
198  0.110212  
199  0.110212  
200  0.110212  
201  0.110212  
202  0.110212  
203  0.110212  
204  0.110212  
205  0.110212  
206  0.110212  
207  0.110212  
208  0.110212  
209  0.110212  
210  0.110212  
211  0.110212  
212  0.110212  
213  0.110212  
214  0.110212  
215  0.110212  
216  0.110212  
217  0.110212  
218  0.110212  
219  0.110212  
220  0.110212  
221  0.110212  
222  0.110212  
223  0.110212  
224  0.110212  
225  0.110212  
226  0.110212  
227  0.110212  
228  0.110212  
229  0.110212  
230  0.110212  
231  0.110212  
232  0.110212  
233  0.110212  
234  0.110212  
235  0.110212  
236  0.110212  
237  0.110212  
238  0.110212  
239  0.110212  
240  0.110212  
241  0.110212  
242  0.110212  
243  0.110212  
244  0.110212  
245  0.110212  
246  0.110212  
247  0.110212  
248  0.110212  
249  0.110212  