Ind. max size:   7
Init. pop. size: 50
Max. pop. size:  100
Tournament size: 2
Max. num. gen.:  250
Crossover rate:  0.95
Mutation rate:   0.05
Min Fitness:  	 Mean Fitness: 	 Max Fitness:  
0    1.23926    29603.2 1.43278e+06
1    1.07244     453626 2.34516e+07
2   0.962813 1.6914e+06 8.9511e+07
3   0.936672     646027 3.3468e+07
4   0.923767     565302 3.08001e+07
5   0.912088     823727 4.58064e+07
6   0.907481 4.71503e+07 2.68731e+09
7    0.90621 4.63616e+07 2.68858e+09
8   0.902904 5.66491e+07 3.34157e+09
9    0.89976 6.16795e+09 3.70074e+11
10   0.899759 7.44533e+09 3.7028e+11
11   0.898261 6.59502e+09 3.70491e+11
12   0.876277 1.31079e+10 8.25795e+11
13   0.870335 1.49459e+11 9.56536e+12
14   0.861329 1.58164e+11 1.02807e+13
15   0.857467 1.55727e+11 1.0278e+13
16   0.853064 3.27893e+17 2.19688e+19
17   0.840127 2.98022e+17 2.02655e+19
18   0.835301 3.40247e+14 2.34771e+16
19   0.826512 3.35386e+14 2.34771e+16
20   0.826315 3.30663e+14 2.34771e+16
21   0.820886 3.2607e+14 2.34771e+16
22   0.794967 3.21604e+14 2.34771e+16
23   0.791717 3.17261e+14 2.34773e+16
24   0.785553 4.24091e+12 3.18068e+14
25   0.767961 5.5819e+13 4.24224e+15
26   0.766443 5.48346e+13 4.22225e+15
27   0.765836 5.1142e+13 3.98906e+15
28   0.758366 5.04906e+13 3.98876e+15
29   0.755735 4.98615e+13 3.98892e+15
30   0.745498  1.394e+12 1.12329e+14
31   0.735665 4.55947e+12 3.73718e+14
32   0.735518 3.52553e+15 2.92619e+17
33   0.727171 3.48356e+15 2.92619e+17
34   0.719616 3.44221e+15 2.92588e+17
35   0.711241 7.09698e+14 6.1034e+16
36   0.708835 7.52053e+14 6.54286e+16
37   0.702098 7.9751e+17 7.01809e+19
38   0.698427 7.8855e+17 7.01809e+19
39   0.697609 7.0643e+14 6.35738e+16
40   0.686525 7.2015e+14 6.55287e+16
41   0.685913 4.00823e+17 3.68757e+19
42   0.678043 3.51505e+19 3.26899e+21
43    0.67543 3.47765e+19 3.26899e+21
44   0.673028 6.78641e+14 6.44659e+16
45   0.671983 6.6374e+14 6.37174e+16
46   0.667851 6.58424e+14 6.38666e+16
47   0.659855 6.51702e+14 6.38668e+16
48   0.659132 9.36894e+13 9.27519e+15
49   0.653107 7.85149e+08 7.72372e+10
50   0.651824    9156.25     809391
51   0.646204    2632.95     214005
52    0.64549    979.466    61424.2
53   0.628309    548.001    38745.1
54   0.628284    1456.85     120466
55   0.628017    429.847    24057.6
56   0.627726    738.284    49339.9
57   0.611347    304.429    16859.8
58   0.607998    439.558    22400.7
59   0.595972    153.615    6135.26
60   0.595793    182.995    7726.96
61   0.587102    194.715     9013.5
62   0.587102    189.586    8664.95
63   0.587102    446.478      25210
64   0.578213    1222.38    59774.8
65   0.578213    768.204    66029.5
66   0.577546     227.41    15561.7
67   0.577546    113.109    4430.66
68   0.566188    107.695     4320.4
69   0.561585    107.391    5746.19
70   0.561185    127.925     6934.8
71   0.560938    131.573    7520.93
72   0.557288    96.2772    4494.78
73   0.541071    78.6078    2941.01
74   0.539838    76.6903    2698.88
75    0.51712    79.7764    3259.64
76   0.516791    82.9047    3215.02
77   0.515769    83.7494     3347.2
78   0.502792    86.1314    2999.51
79   0.502792    75.3165     2454.8
80   0.502082    62.2037    2098.54
81   0.501838    51.9072     1770.3
82   0.501831    82.5273    3565.45
83   0.500242    89.6572       4329
84   0.499225    114.128     5805.2
85    0.48725    93.0106    3707.97
86   0.485359    62.8137       1962
87   0.484431    62.1761    2615.75
88   0.480668    83.2688    3131.45
89   0.479795    71.2435    2236.11
90   0.475878     87.342     3466.8
91   0.472411     81.496    3899.64
92   0.470665    69.7553    3043.76
93   0.470665    91.5316    4563.12
94    0.47028    61.2351     2595.9
95   0.468612    71.2594     2511.2
96   0.465427    62.5913    1922.75
97   0.457392    178.393    13592.1
98   0.451853    117.295    6219.23
99   0.449695    67.6608    2478.12
100   0.443543    52.0981    1869.06
101   0.443521    50.4776    1784.27
102   0.438362    65.6067    2262.88
103   0.438362    61.5634    3176.43
104   0.437789    75.0926    2396.35
105   0.437768    98.1276    3940.13
106   0.434212    117.099       5894
107   0.430493      96.72    5724.69
108   0.430493    59.3271    2468.08
109   0.426328    45.6281     1356.9
110   0.421969    35.4685    830.833
111   0.421796    60.7546     2254.2
112   0.416423    57.3336     2031.5
113   0.415785    55.8611    1771.74
114   0.415681    64.2891    2565.01
115   0.410942    84.2866    2860.08
116   0.410908    89.3134    3148.65
117   0.410908    193.823      14354
118   0.409284    107.854    4296.61
119    0.40828    107.145     4195.8
120    0.40559    95.2795    3673.34
121    0.40252    62.9437    2111.69
122    0.40252     60.316    1874.94
123    0.40252    66.6346    2072.94
124    0.40252    65.5828    2734.68
125    0.40252    58.5697    1874.75
126   0.401818    102.505    5228.38
127   0.399176    87.4085    3339.82
128   0.398225    104.436    5096.76
129   0.398225    99.7083    4794.27
130   0.397769    125.641    7133.83
131    0.38438    74.6836    2540.79
132    0.38438    144.062    7738.21
133   0.384042    92.2281    3466.87
134   0.384042    72.9827       2521
135   0.383967    84.4285    3561.63
136   0.383918    90.3889    3014.23
137    0.38386    73.6254     2658.3
138    0.38386    77.2073    3155.46
139   0.383646    144.027    7055.26
140   0.382488    99.4058     4166.2
141   0.382376    110.012    4680.26
142   0.380533    126.335    5452.96
143   0.380533    101.386    4507.42
144   0.380038     115.79    5011.86
145   0.378704    104.054    3995.26
146   0.378698    113.848    5531.96
147   0.378655    829.221    70681.3
148    0.37804    135.309    6081.09
149   0.378033    104.217    4016.64
150   0.378033    434.629      37212
151   0.377558    137.051    7172.41
152   0.375345    143.018    6541.06
153   0.375345     109.61    4715.47
154   0.375335    81.9769    3303.54
155    0.37509    88.0192    3782.18
156    0.37496    135.928    8661.81
157   0.374777    76.9512    2551.35
158   0.374419    83.8631    3012.29
159   0.372394    103.589     4956.9
160   0.371435    80.0428    2833.58
161   0.371435    72.6808    2578.53
162   0.370832    81.9795    3243.84
163   0.370158    97.3538    4264.94
164   0.370158    64.9518    2239.62
165   0.370098    75.1242     2830.1
166   0.368649    60.1018    1755.21
167   0.368649    117.293    4568.17
168    0.36315    58.4664    1914.25
169   0.357756    57.2072    1728.83
170   0.357756    61.3382    1820.78
171   0.357721    68.9114    2718.92
172   0.352511    130.151    8348.86
173   0.351582    70.3236     2786.2
174    0.35091    208.654    14754.3
175   0.350477    168.225    10361.1
176   0.350477     79.246    2964.89
177   0.345697    133.533    7955.78
178    0.34536    105.868    4804.03
179   0.338263    83.6476    2681.71
180   0.337407    77.3712    2337.27
181   0.335852    82.2073    3331.02
182   0.335717    86.2096    3111.75
183    0.33551    83.8408    2826.64
184   0.335435    257.142    21735.4
185   0.334868    94.9273    5064.22
186   0.334658     84.724    3340.93
187   0.334658    100.644    4443.12
188   0.331047    76.4447    2423.04
189   0.330918    72.3745    2072.25
190   0.330918     75.136    2465.13
191   0.330918    104.518    4684.92
192    0.33055    85.5104    2538.95
193   0.330529    83.3669    2995.77
194   0.325546    63.9923    2110.53
195   0.325546    98.0337    4125.87
196   0.324907    78.9476    3193.32
197   0.324906    115.552    5735.11
198   0.324022    157.678    7403.77
199   0.323592    163.349    8362.74
200   0.323592    74.2155    2772.17
201   0.322475    77.6004    3617.62
202   0.322474    251.524    20302.7
203   0.321529    116.102    6173.12
204   0.321529    86.1219    3291.25
205   0.321529    231.402    17636.1
206   0.320436    127.948    5394.91
207   0.311755    257.984    18985.1
208   0.311103    94.3453    3017.75
209   0.311103    117.042    6374.45
210   0.310917    223.199    15148.3
211   0.303503    114.331    4141.56
212   0.303503    94.7213    4171.72
213   0.302292    65.7232    1965.68
214   0.302109    68.1419    2770.85
215   0.302038    68.2552    2587.43
216   0.301306    90.2555    4910.68
217   0.301306    63.7329    2327.01
218    0.30091    82.3875    3807.75
219    0.30091    80.1882    2814.31
220   0.298061    74.6643    2053.08
221   0.292163    69.9029    2115.43
222   0.292162    99.0141    5186.76
223   0.292162    172.965    11476.5
224   0.281805    171.584    6272.85
225   0.281805    96.0674    4669.28
226   0.281503    108.678    3924.25
227   0.281148    104.545     5990.3
228   0.281148     83.995    3199.53
229   0.281018    72.7764    3025.78
230   0.279145    59.1143    2008.56
231    0.27863    53.7427    1490.73
232   0.278419    170.206    12137.9
233   0.278419    68.1293    2790.59
234   0.278418    89.9594     4202.3
235   0.277022    87.2142    3694.88
236   0.276803    159.554    7342.34
237   0.276801    116.183     5597.4
238   0.276637    99.3453    3563.03
239   0.274019    247.369    18976.5
240   0.269144    116.173    5049.72
241    0.26689    114.843    4561.22
242    0.26689    174.348    11616.9
243    0.26689    93.9832    4484.66
244   0.265243    81.1935    2909.37
245   0.265243    101.964    4269.04
246   0.265243    91.8182    3432.25
247   0.265243    99.1759    3368.56
248   0.265243     134.72    6510.82
249   0.265243    821.854    55408.3
