Ind. max size:   7
Init. pop. size: 50
Max. pop. size:  250
Tournament size: 2
Max. num. gen.:  300
Crossover rate:  0.95
Mutation rate:   0.05
Min Fitness:  	 Mean Fitness: 	 Max Fitness:  
0    1.29247    61784.9 2.84049e+06
1    1.05239     880733 4.41537e+07
2    0.97874 2.37807e+06 1.25209e+08
3   0.949134 4.55206e+06 2.45182e+08
4   0.940144 4.62368e+06 2.48685e+08
5   0.932662 5.88703e+06 3.20543e+08
6    0.91543 6.58989e+06 3.74919e+08
7   0.913046 3.68875e+07 2.13712e+09
8   0.910012 4.41463e+07 2.60113e+09
9   0.908296 1.51672e+10 9.10031e+11
10   0.906148 5.43854e+08 3.31734e+10
11   0.899089 1.90252e+07 1.17857e+09
12   0.898412 1.23214e+07 7.43174e+08
13   0.897117 1.63347e+10 1.04539e+12
14   0.889352 1.55952e+10 1.01369e+12
15   0.848092 1.5367e+10 1.01422e+12
16   0.848092 4.8922e+10 3.27774e+12
17   0.847944 4.36999e+10 2.97149e+12
18   0.839434 3.83351e+10 2.64501e+12
19   0.838792 3.77892e+10 2.64513e+12
20   0.825897 5.81766e+09 4.13044e+11
21   0.818184 4.18708e+08 3.01294e+10
22   0.808921 4.84867e+08 3.53104e+10
23   0.804262 2.83784e+08 2.09696e+10
24   0.792504 1.86633e+08 1.39646e+10
25   0.792209 8.16534e+09 6.20544e+11
26   0.779417 6.29348e+14 4.84598e+16
27   0.775584 5.02257e+16 3.9176e+18
28   0.764596 4.63814e+15 3.66413e+17
29   0.760282 4.58019e+15 3.66416e+17
30   0.760134 5.08277e+15 4.11705e+17
31   0.756919 2.85929e+16 2.34462e+18
32   0.750101 2.82484e+16 2.34462e+18
33   0.746411 4.47835e+16 3.76181e+18
34   0.739657 4.42566e+16 3.76181e+18
35   0.719637 4.37476e+16 3.76229e+18
36   0.716981 4.30896e+16 3.7488e+18
37   0.713904 2.92943e+17 2.5779e+19
38   0.713572  3.917e+18 3.48613e+20
39   0.664326 3.87348e+18 3.48613e+20
40   0.653928 3.83091e+18 3.48613e+20
41   0.653265 3.78927e+18 3.48613e+20
42   0.641436 3.74852e+18 3.48613e+20
43   0.637061 1.14883e+19 1.0799e+21
44    0.62796 1.07569e+19 1.02191e+21
45   0.627181 1.06449e+19 1.02191e+21
46   0.626458 1.05352e+19 1.02191e+21
47   0.618382 1.04536e+19 1.02446e+21
48   0.617889 1.0348e+19 1.02445e+21
49    0.60867 1.02317e+19 1.02317e+21
50   0.588746 1.30807e+16 1.32115e+18
51   0.587049 1.31458e+16 1.34087e+18
52   0.586618 1.33069e+16 1.37061e+18
53    0.58646 7.01908e+15 7.29984e+17
54   0.581267 8.43658e+14 8.85841e+16
55   0.575112 8.35705e+14 8.85846e+16
56   0.564404 3.33055e+15 3.56368e+17
57   0.564023 3.45541e+15 3.73184e+17
58   0.563628 2.61833e+15 2.85398e+17
59   0.563628 2.33516e+15 2.56868e+17
60    0.56139 6.08274e+18 6.75185e+20
61   0.560524 6.02843e+18 6.75185e+20
62   0.552873 1.47614e+18 1.66804e+20
63   0.535741 3.12019e+17 3.55702e+19
64   0.534292 3.09307e+17 3.55703e+19
65   0.533187 3.97487e+17 4.61085e+19
66   0.532492 3.94092e+17 4.61088e+19
67   0.529538 4.03848e+17 4.76541e+19
68   0.525684 1.74162e+19 2.07253e+21
69   0.515584 1.08321e+19 1.29986e+21
70   0.508764 1.2932e+18 1.56477e+20
71   0.508708 1.2826e+18 1.56477e+20
72   0.508634 1.2811e+18 1.57576e+20
73   0.508634 7.50211e+17 9.30262e+19
74   0.508416 1.00245e+18 1.25306e+20
75   0.507608 7.55422e+17 9.51832e+19
76   0.505421 7.46013e+17 9.47437e+19
77    0.50465 5.46051e+16 6.98945e+18
78   0.504374 2.62969e+16 3.3923e+18
79   0.502995 1.00001e+17 1.30001e+19
80   0.500506 9.92384e+16 1.30002e+19
81   0.500506 9.84867e+16 1.30002e+19
82   0.496428 9.63592e+16 1.28158e+19
83   0.494296 9.4202e+16 1.26231e+19
84   0.491691 9.35042e+16 1.26231e+19
85    0.49168 9.28163e+16 1.2623e+19
86   0.491669 9.22693e+16 1.26409e+19
87   0.491669 1.44736e+18 1.99736e+20
88   0.491287 3.80535e+19 5.28944e+21
89    0.48463 3.83393e+19 5.3675e+21
90   0.483008 6.3765e+16 8.99022e+18
91   0.479554 1.56381e+18 2.2206e+20
92   0.478695 1.56217e+18 2.23389e+20
93   0.477641 2.86434e+30 4.12465e+32
94   0.477638 2.84459e+30 4.12465e+32
95   0.477014 3.3897e+30 4.94897e+32
96   0.476978 2.10977e+30 3.10136e+32
97   0.470968 2.11646e+30 3.13237e+32
98   0.470968 2.12159e+30 3.16117e+32
99   0.469095 2.10755e+30 3.16133e+32
100   0.468692 8.36518e+31 1.26314e+34
101   0.456001 1.53109e+32 2.32725e+34
102   0.456001 1.52168e+32 2.32817e+34
103   0.456001 1.50793e+32 2.32222e+34
104   0.455822 1.49821e+32 2.32222e+34
105   0.455822 1.4886e+32 2.32222e+34
106   0.455066 7.89356e+30 1.23929e+33
107   0.455066 7.8436e+30 1.23929e+33
108   0.453721 1.07407e+31 1.70777e+33
109   0.451739 7.06129e+30 1.12981e+33
110   0.451739 7.01743e+30 1.12981e+33
111   0.451739 6.97411e+30 1.12981e+33
112   0.449257 5.66202e+29 9.22909e+31
113   0.448709 5.6275e+29 9.22909e+31
114   0.448709  5.469e+29 9.02385e+31
115   0.448709 5.95899e+29 9.89192e+31
116   0.445838 3.07691e+29 5.13844e+31
117   0.445178 1.32208e+28 2.2211e+30
118   0.445178 1.39816e+33 2.36289e+35
119   0.444736 1.28443e+33 2.18353e+35
120   0.444543 1.27692e+33 2.18353e+35
121    0.44454 1.26949e+33 2.18353e+35
122    0.44454 1.26216e+33 2.18353e+35
123   0.438634 4.58025e+32 7.96964e+34
124   0.437233 1.22777e+29 2.14861e+31
125   0.437233 1.22081e+29 2.14863e+31
126   0.430662 1.2139e+29 2.14861e+31
127   0.423393 1.20708e+29 2.14861e+31
128   0.423243 4.42682e+29 7.92401e+31
129    0.42252 4.40223e+29 7.92402e+31
130   0.422363 4.37791e+29 7.92401e+31
131   0.417839 3.57315e+28 6.50314e+30
132    0.41776 3.55074e+28 6.49786e+30
133   0.417577 1.15096e+29 2.11777e+31
134   0.408441 1.33748e+29 2.47433e+31
135   0.406639 1.33029e+29 2.47433e+31
136   0.405707 7.67273e+28 1.4348e+31
137   0.405707 7.38951e+28 1.38923e+31
138   0.405707 7.35041e+28 1.38923e+31
139    0.40522 8.19051e+26 1.5562e+29
140   0.396664 8.16183e+26 1.55891e+29
141   0.393831 8.11932e+26 1.55891e+29
142   0.393828 9.43316e+26 1.8206e+29
143   0.391928 9.38454e+26 1.8206e+29
144   0.391928 9.33641e+26 1.8206e+29
145   0.391865 2.9175e+26 5.7183e+28
146   0.391865 2.90269e+26 5.7183e+28
147   0.391865 4.16061e+20 8.23802e+22
148    0.39049 4.13971e+20 8.23802e+22
149   0.387826  4.119e+20  8.238e+22
150   0.387826 4.09851e+20  8.238e+22
151   0.387826  4.099e+20 8.27997e+22
152     0.3857 4.0788e+20 8.27997e+22
153   0.385536 4.05885e+20 8.28006e+22
154   0.381114 4.03956e+20 8.28109e+22
155   0.379864 4.01975e+20 8.28069e+22
156   0.379864 4.00034e+20 8.28071e+22
157   0.379835 3.98111e+20 8.28071e+22
158   0.379342 5.56877e+20 1.16387e+23
159    0.37472 1.21591e+20 2.5534e+22
160   0.370627 2.4655e+19 5.2022e+21
161    0.37002 2.45387e+19 5.2022e+21
162    0.37002 2.44246e+19 5.20243e+21
163   0.368746 1.60024e+18 3.42452e+20
164   0.366187 3.76664e+16 8.09811e+18
165   0.364463 6.61681e+18 1.42923e+21
166   0.363491 6.58205e+18 1.42831e+21
167   0.363158 6.56379e+18 1.43091e+21
168   0.358388 2.3047e+19 5.0473e+21
169    0.35491 8.13389e+18 1.78946e+21
170   0.353824 8.15882e+18 1.8031e+21
171   0.351991 1.45075e+19 3.22066e+21
172   0.351929 1.22994e+19 2.74276e+21
173   0.351929 1.23873e+19 2.7747e+21
174   0.351825 1.23349e+19 2.7747e+21
175   0.347771 1.22973e+19 2.77914e+21
176   0.347771 6.08934e+18 1.38228e+21
177   0.347437 6.91418e+18 1.57643e+21
178   0.346774 6.63383e+18 1.51915e+21
179   0.346645 6.60516e+18 1.51919e+21
180   0.344161 3.81339e+22 8.80892e+24
181   0.343874 3.79695e+22 8.80892e+24
182   0.341708 3.78065e+22 8.80892e+24
183   0.338309 7.67549e+22 1.79607e+25
184   0.338309 1.23315e+24 2.89791e+26
185    0.33701 1.22793e+24 2.89791e+26
186   0.332406 1.22275e+24 2.89791e+26
187   0.330951 1.22568e+24 2.91712e+26
188   0.329682 1.22964e+24 2.93883e+26
189   0.329682 9.12997e+25 2.19119e+28
190   0.324814 9.09041e+25 2.19079e+28
191   0.324664 4.18829e+29 1.01356e+32
192   0.324653 2.55392e+27 6.20602e+29
193   0.324087 2.54346e+27 6.20605e+29
194   0.323345 1.62603e+26 3.98378e+28
195   0.322356 1.75309e+26 4.3126e+28
196   0.321423 1.74599e+26 4.3126e+28
197   0.321313 7.47625e+26 1.85411e+29
198   0.321313 1.53579e+27 3.82412e+29
199   0.321255 2.00683e+15 4.99699e+17
200    0.32003 2.64788e+08 6.59065e+10
201    0.32003     239924 4.46726e+07
202   0.319226     203835 4.40454e+07
203   0.318356      76129 1.33336e+07
204    0.31807    41468.7 8.36288e+06
205    0.31807    11391.9 1.70667e+06
206   0.318053    13061.8 2.29672e+06
207   0.317393    6917.66     955440
208   0.315008    5420.08     583271
209   0.314332    8813.01 1.55322e+06
210    0.31221    7645.29     896781
211   0.312186    86965.6 2.12097e+07
212   0.312186    8417.33 1.27113e+06
213   0.312186    4845.99     815880
214   0.310755    7081.47 1.44657e+06
215   0.310428    2081.85     261248
216   0.309877    4901.06     996906
217   0.309877    5393.31     922729
218   0.309877    63927.8 1.56563e+07
219   0.309759     1927.4     286362
220   0.309759    1094.65     123237
221   0.309507    2364.49     430162
222   0.309507    1610.65     210240
223   0.304451    1216.97     135988
224   0.304136    866.794    91283.1
225   0.297811    812.606     104077
226    0.29742    1038.42     132204
227   0.297379    965.436     106158
228   0.296313    1098.53     170399
229   0.296313    1566.72     247494
230   0.296175    1492.43     264884
231   0.296033    978.663     128004
232   0.295669    3751.07     779880
233   0.293508    979.897     113858
234   0.293508    1075.23     134573
235   0.292762    855.096     126995
236   0.289948    894.989     146000
237   0.288307    763.725     110200
238   0.287019    965.877     118596
239   0.284802    1904.67     195672
240    0.27999    1107.48     128110
241   0.279441    698.495    64416.9
242   0.279211    1402.65     266859
243   0.277879    785.103     109964
244   0.277701    863.018     123932
245   0.277701    749.084     115052
246   0.270517    604.142    68977.3
247   0.270517    745.609    96324.2
248   0.270468    658.475    86698.9
249   0.270323     471.05    41603.2
250   0.270323    424.588    38397.4
251   0.270185    938.918     154827
252   0.270185     902.49     150492
253   0.269324    491.218    61514.4
254   0.268385    707.316    81620.9
255   0.268155    1012.75     166324
256   0.268155    1188.07     161578
257   0.267672    520.006    55195.6
258   0.267658    603.537    62823.5
259   0.265081    793.939     101044
260   0.264472    1169.37     177633
261   0.264437    781.412    94098.2
262   0.264132    1341.94     209322
263   0.263413    846.876     121357
264   0.263408    658.392    75033.7
265   0.263408    2532.83     515516
266   0.263367    2061.33     386669
267   0.262257    2714.04     606156
268   0.262257    1028.73     154360
269   0.262177    675.547    78127.5
270   0.259335    1135.32     200750
271   0.257696     497.31    53841.5
272   0.257583    874.574     134415
273   0.257174    441.082    49269.3
274   0.257119    421.084      32016
275   0.257033    749.503     118844
276   0.257033     415.56    33291.3
277   0.256964    675.225    77062.6
278   0.256964    605.547    73467.8
279   0.256963    686.914    91089.7
280   0.256963    584.269    54335.7
281   0.256655    708.956    76496.5
282   0.249865    772.738    75893.8
283   0.241057    713.604    70891.9
284   0.239509     1257.6     174286
285   0.239509    1311.07     202880
286   0.238444    17520.6 4.25468e+06
287   0.237632    828.076     118542
288   0.237632    594.299      80456
289   0.236508    677.828     102042
290   0.236492    564.568    55183.2
291   0.235509    577.451      71939
292   0.234871    586.157    86232.8
293   0.234845     1368.8     248752
294   0.234814    890.215     138674
295   0.234611     554.68    77205.9
296   0.227777    429.841    41837.7
297   0.227777    750.738    98025.6
298   0.221193     8966.6 2.15717e+06
299   0.221183     1434.7     252844
