Ind. max size:   7
Init. pop. size: 50
Max. pop. size:  350
Tournament size: 2
Max. num. gen.:  300
Crossover rate:  0.95
Mutation rate:   0.05
Min Fitness:  	 Mean Fitness: 	 Max Fitness:  
0    1.28032 2.79127e+06 1.42253e+08
1    1.04148     503545 2.57557e+07
2   0.986617 2.60512e+06 1.37157e+08
3   0.976495     546218 2.8703e+07
4   0.962501 8.45778e+06 4.64845e+08
5   0.943062 9.25826e+06 5.17829e+08
6   0.924807 1.80151e+09 1.02685e+11
7    0.91045 1.96931e+11 1.1422e+13
8   0.910154 1.94975e+11 1.15035e+13
9   0.906333 1.91725e+11 1.15035e+13
10   0.885517 1.88582e+11 1.15035e+13
11   0.884213 1.77464e+11 1.10028e+13
12   0.884169 1.74741e+11 1.10087e+13
13   0.879095 1.07828e+11 6.90056e+12
14   0.878731 4.29511e+13 2.79182e+15
15   0.878369 4.23323e+13 2.79393e+15
16   0.849705 4.17005e+13 2.79393e+15
17   0.846012 4.10902e+13 2.79413e+15
18   0.834951 4.04952e+13 2.79417e+15
19   0.824988 3.99155e+13 2.79408e+15
20   0.818126 3.94282e+13 2.7994e+15
21   0.816814 3.88908e+13 2.80014e+15
22   0.816659 3.82781e+13 2.7943e+15
23   0.816659 3.52436e+11 2.60803e+13
24   0.816485 1.85194e+11 1.38895e+13
25   0.806244 1.95491e+11 1.48573e+13
26   0.791557 9.00107e+11 6.93082e+13
27   0.789182 8.88386e+11 6.92941e+13
28   0.774446 3.21702e+14 2.54144e+16
29   0.765129 3.17669e+14 2.54135e+16
30   0.755194 3.13748e+14 2.54136e+16
31   0.755078 3.09921e+14 2.54136e+16
32   0.750382 1.55021e+14 1.28667e+16
33   0.749073 1.53175e+14 1.28667e+16
34   0.748185 1.51373e+14 1.28667e+16
35   0.745516 1.20534e+15 1.03659e+17
36   0.745507 1.19145e+15 1.03657e+17
37   0.737077 1.36928e+15 1.20497e+17
38   0.729708 5.37833e+14 4.78671e+16
39    0.71857 5.31857e+14 4.78671e+16
40   0.718515 5.26012e+14 4.78671e+16
41   0.716729 1.80795e+15 1.66332e+17
42   0.715672 1.53367e+19 1.42631e+21
43   0.715672 1.51735e+19 1.42631e+21
44   0.715672 1.50138e+19 1.42631e+21
45    0.69946 1.48574e+19 1.42631e+21
46   0.696754 1.0597e+19 1.02791e+21
47   0.692306 1.04889e+19 1.02791e+21
48   0.679338 1.03831e+19 1.02791e+21
49   0.668719 1.02791e+19 1.02791e+21
50   0.658755 1.01773e+19 1.02791e+21
51   0.658754 1.00776e+19 1.02791e+21
52   0.654644 9.9797e+18 1.02791e+21
53   0.646995 9.88375e+18 1.02791e+21
54   0.640723 9.78963e+18 1.02791e+21
55   0.632277 9.69727e+18 1.02791e+21
56   0.631526 1.05096e+19 1.12451e+21
57   0.622788 1.04123e+19 1.12451e+21
58   0.611031 6.18151e+18 6.73776e+20
59    0.60286 6.12531e+18 6.73776e+20
60    0.60025 6.07013e+18 6.73776e+20
61   0.582317 6.01586e+18 6.73776e+20
62   0.579494 4.12377e+16 4.65973e+18
63   0.567353 4.86808e+18 5.54961e+20
64   0.557382 4.78259e+16 5.49998e+18
65   0.552955 1.70959e+14 1.98312e+16
66   0.552955 1.69419e+14 1.9822e+16
67   0.551454 1.67405e+14 1.97538e+16
68   0.551315 1.65859e+14 1.97372e+16
69   0.547646 1.64476e+14 1.97371e+16
70   0.546611 3.92406e+13 4.74811e+15
71   0.546591  3.933e+13 4.79826e+15
72   0.546584 5.96444e+11 7.33621e+13
73   0.545907 6.59797e+11 8.18148e+13
74   0.544466 6.03442e+11 7.54301e+13
75   0.544164 8.37323e+11 1.05502e+14
76    0.54338 1.51982e+12 1.93016e+14
77   0.535269 1.90657e+12 2.4404e+14
78   0.535144 1.89349e+12 2.44258e+14
79   0.533674 7.28061e+13 9.46479e+15
80   0.532602 7.2473e+13 9.49396e+15
81    0.52986 3.01043e+16 3.97377e+18
82   0.528864 2.98308e+16 3.9675e+18
83   0.528853 2.96082e+16 3.96749e+18
84   0.526487 5.17503e+19 6.9863e+21
85   0.524144 1.27212e+17 1.73009e+19
86   0.524144 1.26331e+17 1.73073e+19
87   0.524144 1.25416e+17 1.73073e+19
88   0.512977 8.09409e+16 1.12508e+19
89   0.512977 8.03505e+16 1.12491e+19
90   0.512712 7.99878e+16 1.12783e+19
91   0.509362 7.93645e+16 1.12698e+19
92   0.508721 1.17736e+18 1.68363e+20
93   0.508465 1.16949e+18 1.68407e+20
94   0.506152 7.79122e+16 1.12973e+19
95   0.505086 7.73785e+16 1.12973e+19
96   0.504816 7.68362e+16 1.12949e+19
97   0.488698 7.63163e+16 1.12948e+19
98   0.488378 7.58035e+16 1.12947e+19
99   0.485875 7.52982e+16 1.12947e+19
100   0.485636 3.34903e+18 5.05704e+20
101   0.470172 3.17681e+19 4.82875e+21
102   0.470172 2.98099e+19 4.56091e+21
103   0.470172 2.96166e+19 4.56095e+21
104   0.469818 2.94255e+19 4.56095e+21
105   0.468445 2.92371e+19 4.56098e+21
106   0.468195 2.76404e+19 4.33954e+21
107   0.452859 2.74634e+19 4.33922e+21
108   0.452769 2.72907e+19 4.33922e+21
109    0.44967 2.71312e+19 4.34099e+21
110   0.445785 2.6981e+19 4.34394e+21
111   0.442137 3.00481e+19 4.8678e+21
112   0.441375 2.98639e+19 4.86782e+21
113   0.433687 1.00733e+20 1.65201e+22
114   0.427477 1.00317e+20 1.65523e+22
115   0.420104 2.43453e+24 4.04132e+26
116   0.420104 2.41281e+24 4.0294e+26
117   0.409413 2.39842e+24 4.02935e+26
118   0.409413 1.11048e+24 1.87672e+26
119   0.409413 1.10388e+24 1.87659e+26
120   0.409413 5.29409e+25 9.0529e+27
121   0.397056 2.03545e+23 3.50098e+25
122   0.397056 2.02369e+23 3.50098e+25
123   0.396753 1.85729e+26 3.23169e+28
124   0.392404 1.84668e+26 3.23169e+28
125   0.392051 1.83619e+26 3.23169e+28
126   0.389641 1.82582e+26 3.23169e+28
127   0.389458 1.81556e+26 3.23169e+28
128    0.38678 3.73199e+28 6.68026e+30
129   0.385669 4.64757e+30 8.36563e+32
130   0.385422 4.6219e+30 8.36563e+32
131   0.385422 4.5965e+30 8.36563e+32
132   0.384712 4.57138e+30 8.36563e+32
133   0.383873 4.54654e+30 8.36563e+32
134   0.374832 1.95316e+32 3.61334e+34
135   0.374832 4.53689e+34 8.43861e+36
136   0.374832 8.67935e+36 1.62304e+39
137   0.364988 8.63319e+36 1.62304e+39
138   0.364891 8.58751e+36 1.62304e+39
139   0.364891 8.54231e+36 1.62304e+39
140   0.360263 3.25645e+35 6.21981e+37
141   0.357661 3.23949e+35 6.21981e+37
142   0.352586 3.2227e+35 6.21981e+37
143   0.351689 3.20609e+35 6.21981e+37
144   0.350615 3.18965e+35 6.21981e+37
145   0.350541 9.50995e+33 1.86395e+36
146   0.340503 2.08454e+31 4.10653e+33
147   0.339725 2.07401e+31 4.10653e+33
148   0.338171 2.06359e+31 4.10653e+33
149    0.33781 2.05327e+31 4.10653e+33
150   0.336474 2.04305e+31 4.10653e+33
151   0.336122 2.03294e+31 4.10653e+33
152   0.336107 2.02292e+31 4.10653e+33
153   0.335287 2.01301e+31 4.10653e+33
154   0.335286 2.00319e+31 4.10653e+33
155    0.33517 1.99346e+31 4.10653e+33
156   0.333234 1.13059e+30 2.34032e+32
157   0.331859 1.12515e+30 2.34032e+32
158   0.331847 6.56966e+28 1.37306e+31
159   0.325373 6.53837e+28 1.37306e+31
160   0.325373 7.34093e+26 1.54894e+29
161   0.325331 6.86646e+26 1.45569e+29
162   0.322078 6.83422e+26 1.45569e+29
163   0.321245 6.80229e+26 1.45569e+29
164   0.320837 6.77065e+26 1.45569e+29
165   0.320837 6.7393e+26 1.45569e+29
166   0.312516 6.70825e+26 1.45569e+29
167   0.311935 6.67747e+26 1.45569e+29
168    0.31102 6.85503e+24 1.50125e+27
169   0.310617 6.82387e+24 1.50125e+27
170   0.309832 6.79299e+24 1.50125e+27
171   0.309832 7.99027e+24 1.77384e+27
172   0.309826 7.95444e+24 1.77384e+27
173   0.309826 7.26176e+23 1.62663e+26
174   0.309826 7.22949e+23 1.62663e+26
175   0.309513 7.19748e+23 1.62663e+26
176   0.308387 7.16577e+23 1.62663e+26
177   0.303487 7.13434e+23 1.62663e+26
178   0.299067 7.10319e+23 1.62663e+26
179   0.296152 7.0723e+23 1.62663e+26
180   0.296152 7.0419e+23 1.62668e+26
181   0.287956 1.06471e+25 2.47012e+27
182   0.287469 1.06014e+25 2.47012e+27
183   0.286324 2.44539e+21 5.72222e+23
184   0.283919 2.43679e+21 5.72647e+23
185    0.28313 2.42647e+21 5.72647e+23
186   0.283096 7.43073e+21 1.76108e+24
187   0.281967 7.3863e+21 1.75794e+24
188    0.28178 7.3554e+21 1.75794e+24
189    0.28178 8.20788e+21 1.96989e+24
190   0.281423 6.86394e+21 1.65421e+24
191   0.281393 6.83558e+21 1.65421e+24
192   0.281107 4.76529e+25 1.15797e+28
193    0.28046 4.74576e+25 1.15797e+28
194   0.277568 8.74329e+29 2.14211e+32
195   0.277463 8.70775e+29 2.14211e+32
196   0.277463 3.93188e+29 9.71174e+31
197   0.275685 3.91602e+29 9.71174e+31
198   0.272693 3.9003e+29 9.71174e+31
199   0.272693 6.60593e+23 1.65148e+26
200   0.272688 6.57046e+23 1.64919e+26
201   0.272584 6.54439e+23 1.64919e+26
202    0.26723 5.65712e+21 1.43125e+24
203   0.265711 3.51955e+23 8.93965e+25
204   0.265711 4.81365e+23 1.22748e+26
205   0.264984 1.54431e+22 3.95343e+24
206   0.261876 1.5383e+22 3.95343e+24
207   0.261876 1.5162e+22 3.9118e+24
208   0.261843 1.51035e+22 3.9118e+24
209   0.259717 1.50454e+22 3.9118e+24
210   0.258115 1.49877e+22 3.9118e+24
211   0.258115 1.49305e+22 3.9118e+24
212   0.258081 1.48737e+22 3.9118e+24
213   0.257976 1.39385e+22 3.67977e+24
214   0.257236 1.38859e+22 3.67977e+24
215    0.25705 1.38337e+22 3.67978e+24
216   0.256962 1.37819e+22 3.67978e+24
217   0.256962 1.37303e+22 3.67972e+24
218   0.255548 1.36792e+22 3.67972e+24
219   0.255482 2.73921e+28 7.39587e+30
220   0.255482 2.72911e+28 7.39587e+30
221   0.255256 2.71907e+28 7.39587e+30
222   0.254052 2.70911e+28 7.39587e+30
223   0.254035 1.27582e+20 3.49574e+22
224   0.254035 8.10144e+23 2.2279e+26
225   0.253922 4.50073e+22 1.2422e+25
226   0.253922 2.75372e+25 7.62781e+27
227    0.24823 1.3719e+26 3.81389e+28
228    0.24823 3.64812e+27 1.01782e+30
229   0.248142 3.63509e+27 1.01782e+30
230   0.248142 3.62215e+27 1.01782e+30
231   0.247777 3.60931e+27 1.01782e+30
232   0.247777 3.59655e+27 1.01782e+30
233   0.247172 3.58389e+27 1.01782e+30
234   0.247172 3.57132e+27 1.01782e+30
235   0.247172 3.55883e+27 1.01782e+30
236   0.247161 1.58108e+21 4.53769e+23
237   0.247148 3.45288e+21 9.94429e+23
238   0.247148 3.44093e+21 9.9443e+23
239   0.247147 6.64261e+25 1.92636e+28
240   0.245822 6.61961e+25 1.92631e+28
241   0.245742 5.90238e+26 1.7235e+29
242    0.24507 5.88224e+26 1.7235e+29
243   0.245067 5.21696e+26 1.53379e+29
244   0.245053 5.19928e+26 1.53379e+29
245   0.245053 5.18171e+26 1.53379e+29
246   0.245036 5.16426e+26 1.53379e+29
247   0.244786 5.14693e+26 1.53379e+29
248   0.244713 5.12972e+26 1.53379e+29
249   0.242098 5.11262e+26 1.53379e+29
250   0.242098 5.09564e+26 1.53379e+29
251   0.242098 5.10001e+26 1.5402e+29
252   0.241858 5.08318e+26 1.5402e+29
253   0.241313 5.06648e+26 1.54021e+29
254   0.241103 5.04987e+26 1.54021e+29
255   0.241103 5.54095e+30 1.69553e+33
256   0.241052 5.5229e+30 1.69553e+33
257   0.241052 5.50498e+30 1.69553e+33
258   0.240976 4.26487e+32 1.31785e+35
259   0.240839 4.25111e+32 1.31785e+35
260   0.240839 4.23744e+32 1.31785e+35
261   0.240839 4.22503e+32 1.31821e+35
262   0.240839 4.21153e+32 1.31821e+35
263   0.234896 4.19812e+32 1.31821e+35
264   0.234528 6.98963e+31 2.20173e+34
265   0.234528 1.04457e+32 3.30083e+34
266   0.234492 1.72355e+30 5.46367e+32
267   0.233085 1.71691e+30 5.45977e+32
268    0.23308 1.78502e+30 5.69423e+32
269   0.232368 2.85155e+29 9.12496e+31
270   0.230865 2.84267e+29 9.12496e+31
271   0.224079 2.83384e+29 9.12497e+31
272   0.222957 6.52011e+29  2.106e+32
273   0.222957 6.4622e+29 2.09375e+32
274   0.222622 6.43849e+29 2.09251e+32
275   0.218774 6.54958e+29 2.13516e+32
276   0.218774 6.52955e+29 2.13516e+32
277   0.218774 6.39539e+29 2.09769e+32
278   0.218774 6.37595e+29 2.09769e+32
279   0.218774 5.53736e+29 1.82733e+32
280   0.218774 5.52063e+29 1.82733e+32
281   0.217965 5.50401e+29 1.82733e+32
282   0.217809 5.48748e+29 1.82733e+32
283   0.216764 1.36263e+32 4.55119e+34
284   0.216516 4.60059e+24 1.5412e+27
285   0.216516 4.59039e+24 1.54237e+27
286   0.216516 4.57539e+24 1.54191e+27
287   0.216511 1.30073e+26 4.39648e+28
288   0.216196 1.29687e+26 4.3964e+28
289   0.216196 1.25872e+26 4.27965e+28
290   0.216196 4.54862e+24 1.55108e+27
291   0.211649 7.55335e+22 2.58325e+25
292   0.211649 6.96802e+22 2.39003e+25
293   0.211589 6.75963e+20 2.32531e+23
294   0.209149 6.73969e+20 2.32519e+23
295   0.209149 4.93566e+25 1.70774e+28
296   0.208577 4.92144e+25 1.70774e+28
297   0.208577 4.90732e+25 1.70775e+28
298   0.207681 5.4842e+34 1.91399e+37
299   0.207668 5.46853e+34 1.91399e+37
