Ind. max size:   4
Init. pop. size: 30
Max. pop. size:  100
Tournament size: 2
Max. num. gen.:  300
Crossover rate:  0.9
Mutation rate:   0.3
Min Fitness:  	 Mean Fitness: 	 Max Fitness:  
0    1.42411    405.235    9519.35
1    1.06944    1850.44    53190.9
2    1.00797    28907.7     947825
3   0.963397      37970 1.27341e+06
4   0.954174    32901.9 1.14392e+06
5   0.932001     115183 4.13789e+06
6   0.929797    18717.1     683510
7   0.921147    20801.8     771217
8   0.917059    9203.04     345115
9   0.916596    17346.5     675278
10   0.916552    29735.7 1.14428e+06
11   0.913055 5.27042e+07 2.21356e+09
12   0.903025 1.31304e+08 5.64604e+09
13    0.90297 1.28326e+08 5.64634e+09
14   0.891718 1.25567e+08 5.65048e+09
15   0.881965     156287 7.17258e+06
16   0.867274     141773 6.62523e+06
17   0.859208 2.08411e+06 1.00015e+08
18   0.859208 2.09211e+06 1.0247e+08
19     0.8564     481056 2.4029e+07
20     0.8564     272735 1.38676e+07
21   0.855559     301720 1.5599e+07
22   0.850706 1.8143e+06 9.44752e+07
23   0.850703 7.91657e+06 4.27277e+08
24   0.847245 7.77816e+06 4.26922e+08
25   0.844016 5.56989e+08 3.11913e+10
26   0.837365 5.45971e+08 3.11203e+10
27   0.837365 1.64681e+07 9.55042e+08
28   0.836376 1.79026e+07 1.05615e+09
29   0.835071 1.78055e+07 1.06829e+09
30   0.835071 7.74836e+07 4.72643e+09
31   0.835071 5.60467e+08 3.47489e+10
32   0.835047 2.05025e+08 1.29164e+10
33   0.832565 2.9476e+06 1.88585e+08
34   0.832451 1.3557e+10 8.81204e+11
35   0.831868 1.33516e+10 8.81207e+11
36   0.825336 1.31523e+10 8.81204e+11
37   0.825159 1.29881e+10 8.83189e+11
38   0.812698 3.19245e+07 2.20218e+09
39   0.809415 3.4684e+07 2.42074e+09
40   0.809415 7.19607e+07 5.1087e+09
41   0.809415 2.56299e+07 1.84503e+09
42   0.809409 2.53136e+07 1.84776e+09
43   0.808565 2.50089e+07 1.85022e+09
44   0.806027 1.38303e+08 1.03723e+10
45   0.806027 3.33999e+09 2.53839e+11
46   0.804618 2.08406e+10 1.60472e+12
47   0.797291 1.13394e+11 8.84472e+12
48   0.792324 1.00794e+11 7.96275e+12
49   0.781977 9.95452e+10 7.96362e+12
50   0.781966 9.8428e+10 7.97267e+12
51   0.781966 1.02025e+11 8.36604e+12
52   0.781956 9.28708e+10 7.70828e+12
53    0.78126 8.98604e+08 7.54825e+10
54   0.779816 8.87952e+08 7.54757e+10
55   0.756517 8.73396e+08 7.51104e+10
56    0.75069 7.14552e+10 6.2166e+12
57   0.710737 7.06436e+10 6.21663e+12
58   0.710737 6.97532e+10 6.20803e+12
59   0.710265 6.89944e+10 6.20887e+12
60   0.707046 6.82678e+10 6.20918e+12
61   0.696794 7.26658e+10 6.21135e+12
62   0.685487 6.67839e+10 6.20941e+12
63   0.685487 1.01466e+08 7.94373e+09
64   0.685344 7.93915e+07 7.54198e+09
65   0.681092 7.33431e+07 7.0405e+09
66   0.681065  9.777e+08 9.48366e+10
67   0.674131 9.6772e+08 9.48363e+10
68   0.674128 6.71959e+07 6.65229e+09
69   0.673419    1724.38     130913
70   0.673362    362.634    22673.2
71   0.668141    245.811    12675.9
72   0.667956    141.271    6024.34
73   0.667956     120.92     4216.4
74   0.667799    116.805    4375.13
75   0.648859    109.831    4458.24
76    0.64617    205.843    15135.9
77   0.646169    90.0956    3863.26
78   0.642318    90.8517    4900.12
79   0.642318     94.976     4266.3
80   0.642264    84.5189    3579.44
81   0.636633    82.0744    3289.62
82   0.634741    85.3758    3261.39
83   0.633437     211.08    15337.5
84   0.632501    65.4676    2706.18
85   0.622005    91.9635    4370.66
86   0.621707    52.3564    1764.45
87   0.612527    59.0938    2041.26
88    0.60906    53.7811    1805.89
89   0.608695     57.019    2260.44
90   0.606921    79.1362    3507.21
91   0.606921    70.8915    2808.04
92   0.606917    78.1883    3338.26
93   0.606917    54.0248    2074.36
94   0.605888    65.7123    2824.77
95   0.605839    57.5376     1985.8
96   0.605839    61.8531    2199.33
97   0.605839    61.1825    2542.89
98   0.601299    66.5049    2542.89
99   0.601299     63.406    2292.05
100   0.601299    104.433    5876.91
101   0.601299    53.4696    2032.82
102    0.59803    75.9232    3455.91
103    0.59803     75.015     2657.9
104   0.597129    51.7155     1991.7
105   0.596966    46.2791    1435.08
106   0.596203    50.7707    1592.57
107   0.595794    72.8375    3361.71
108   0.592896    66.3703    2679.57
109   0.592357    78.1727    3603.31
110   0.591197    55.3491    1997.66
111   0.587925    54.3292    1944.01
112   0.584233    51.8324    1701.73
113   0.584233    52.0924    1649.58
114   0.584233      58.54    2097.51
115   0.576027    49.9716    1709.77
116    0.57602    49.4238    1530.15
117   0.569587    47.4304    1773.51
118   0.569545     55.432    1710.81
119   0.568611    73.4093    2150.56
120   0.564659    104.584    5636.52
121    0.55828    57.1594    2269.26
122    0.55828     48.944    1792.55
123   0.556537    52.9129    1839.59
124   0.555512    46.9378    1403.02
125   0.555512    64.3727    2875.97
126   0.542842    55.0617     2049.3
127   0.542438    52.7138    2037.26
128   0.542438    70.0759    3338.15
129   0.542109    71.2658    2776.93
130   0.529489    67.7676    2217.52
131   0.526843    55.8919    1685.73
132   0.526104    51.8843    1747.46
133   0.524325    62.7452    2528.51
134   0.520011    58.4255    2490.24
135   0.519643    50.9238    1887.72
136   0.519643    60.2132     2561.9
137    0.51631    67.9688    3061.94
138   0.515765    46.5346    1706.33
139   0.515429    52.8626     1769.4
140   0.513515    46.7373    1248.83
141   0.505473    51.9386     1733.4
142   0.502808    55.6283    2548.72
143   0.502808    63.6379     1976.5
144   0.502808    57.9185    1907.37
145    0.50184    84.3874    4596.09
146   0.500605    69.6322     3571.2
147    0.49984    48.4438    1709.03
148    0.49984    46.9948     1583.7
149   0.497913    47.2035    1639.63
150   0.497913    58.9152    2251.85
151   0.497913    53.8473    2043.91
152   0.497905    65.5411    2541.45
153   0.497325    58.9998    2158.88
154   0.496554    65.9745    2038.55
155   0.496363    54.9124    1844.07
156   0.496327    65.5446    2201.64
157   0.491557     72.618    3253.76
158   0.491023    65.4746    2570.12
159   0.487619    155.225    11020.5
160   0.487009    78.0322    4048.83
161   0.485859    79.9424    3909.65
162    0.48318    48.5417    1255.61
163   0.482707    57.6837    1924.08
164   0.482707     77.722    2654.25
165   0.482457     96.038    3226.54
166   0.482032    78.5738    3095.59
167   0.479791    63.7381     2348.7
168   0.478911     62.264    1938.28
169   0.478909    62.6213    1941.75
170   0.476845    69.5453    2358.32
171   0.476393    64.7122    2023.73
172    0.47639    72.3844    2821.63
173    0.47639     63.769    2313.99
174   0.475552    76.3711    2882.17
175   0.474935    63.3843    2424.27
176   0.474844    66.2641    2907.29
177   0.474211    56.1307    2161.82
178   0.474165    66.3361    2323.07
179   0.465884    70.3422    2586.23
180   0.464793      61.21    2291.08
181   0.462255    56.8179    1831.67
182   0.462077    57.4728    1912.75
183   0.457951    47.4035    1531.86
184   0.451421    51.9662    1737.23
185   0.451179    40.7862    1293.66
186   0.437081    60.3098     2313.4
187   0.437081    45.3999    1499.58
188   0.436737    40.1009    1110.65
189   0.436617    53.6098    1991.06
190   0.431617    61.2537    2809.29
191   0.428469    57.5269    2211.82
192   0.428265    69.4659    3150.54
193   0.428265    62.9066    1943.07
194   0.428265    69.0428    2118.23
195   0.427977    68.0723    2317.98
196   0.427402    65.7815    2089.39
197    0.42661    61.9096    2509.75
198   0.421543    63.3001    2292.34
199    0.42113    83.8944    4648.59
200   0.421071    72.5084    3151.03
201   0.421071    55.0858     1793.8
202   0.417822    56.8957     1831.3
203   0.417822    52.1219    1731.63
204   0.417822    75.0922    3107.38
205   0.417822    60.1415    2210.49
206   0.417822    73.6279    2532.32
207   0.417822    81.7035    3735.67
208   0.417822    55.8696    1977.93
209   0.417822     89.219     4356.6
210   0.417822    74.1182    2537.86
211   0.417822    90.1167    4054.75
212   0.416776    212.998    16828.7
213   0.414419    72.4316    2283.24
214   0.414419    48.0293    1536.78
215   0.413101    63.5846    2840.47
216   0.413101    44.0206    1412.66
217   0.413101    57.0101    2096.84
218    0.41301    58.8565    2174.69
219   0.411672    55.5672    2149.13
220   0.411626    55.3585    1937.12
221   0.411626    78.0532    3764.56
222   0.411626    61.2262    2333.71
223   0.411626    58.9776     1880.3
224   0.411626    69.4224    3054.94
225   0.411626     65.832    2570.66
226   0.411626    76.2504    2915.26
227   0.411558    110.582    6418.99
228   0.409987    62.7924    2318.57
229   0.409933    78.7039    3383.45
230   0.408381    59.9111    1967.35
231   0.408255     66.601     2267.2
232   0.403185     77.837    3887.57
233   0.403185    75.5554    3225.58
234   0.403185    81.2823    4634.81
235   0.402998    55.0519    1968.55
236   0.402998    337.134    16411.2
237   0.402064    142.141    10887.4
238   0.401164    62.2215    2901.49
239    0.39595    58.0149    1943.16
240   0.395899     71.947    3022.97
241   0.394335    68.2995    1936.84
242   0.391409    81.1251    3898.41
243   0.391409    58.3049    1888.46
244   0.391344    66.9016    2693.95
245   0.391285    63.1728    2270.58
246   0.391285    70.5225    2639.65
247   0.391277    80.7714    3418.79
248   0.386714    113.462    6837.53
249   0.386294    78.4428    3133.39
250   0.386294    73.8187    3009.56
251   0.386294    109.806     5629.3
252   0.385923     59.986    1757.29
253   0.385923     79.945    3147.59
254   0.385923    60.4643     2169.3
255   0.385914     46.806    1376.23
256   0.378791    81.7045    4224.84
257   0.376134    67.1148     2442.6
258   0.375619    61.7473    2276.74
259   0.375581    71.0096     2601.3
260   0.375581    83.0501    3171.72
261   0.372926    73.3197    2521.42
262   0.372018     70.867    2618.54
263   0.369771    104.162    4896.27
264   0.369505    82.9472    3593.63
265   0.369339     92.308    3850.88
266   0.369048    100.032    4818.84
267   0.369048    72.0975    2876.21
268   0.368955     64.844    2230.14
269   0.368698    91.3259    4969.31
270   0.368226    76.4448    3103.36
271   0.367205    60.9513    2568.88
272   0.367161    57.3262    1858.12
273    0.36711    76.0317    2754.31
274    0.36711     89.702    3727.21
275   0.366916    73.7883    3289.17
276   0.366916    62.1669    2259.35
277   0.366916    65.7711    2364.41
278   0.366916    72.2382    2679.06
279   0.366916    73.8752    2743.83
280   0.366872    64.8532    2521.36
281   0.366872    75.0929    2709.81
282   0.366861    68.0375    2096.15
283   0.366861    71.9707    3049.71
284   0.366861    65.5266    2742.66
285   0.366861    62.9019    2279.64
286   0.366861    54.6327    1997.58
287   0.366861     72.571    2950.97
288   0.366861    63.5336    2046.47
289   0.366861    59.6633    2159.55
290   0.366861    61.7853    1914.55
291   0.366861    78.0015    3517.88
292   0.366756    74.4272    2789.81
293    0.36657    54.3144    1814.38
294   0.366548    58.4311    2102.05
295   0.366548     88.396    3792.05
296    0.36652    99.3673    4530.17
297   0.366214    71.9666    2934.13
298   0.366214    72.7027    2953.69
299   0.366181    80.2944    3485.72